766
(
1.5139980000e-04
1.5109049000e-04
1.5067263000e-04
1.5025587000e-04
1.4984021000e-04
1.4942564000e-04
1.4924499000e-04
1.4901216000e-04
1.4859977000e-04
1.4818847000e-04
1.4777824000e-04
1.4736910000e-04
1.4696104000e-04
1.4655405000e-04
1.4614813000e-04
1.4574329000e-04
1.4533951000e-04
1.4493679000e-04
1.4453515000e-04
1.4413456000e-04
1.4373503000e-04
1.4333655000e-04
1.4293912000e-04
1.4254275000e-04
1.4214742000e-04
1.4175314000e-04
1.4135990000e-04
1.4096770000e-04
1.4057654000e-04
1.4018641000e-04
1.3979732000e-04
1.3940926000e-04
1.3902222000e-04
1.3863620000e-04
1.3825122000e-04
1.3786725000e-04
1.3748430000e-04
1.3710236000e-04
1.3672144000e-04
1.3634153000e-04
1.3596262000e-04
1.3558472000e-04
1.3520783000e-04
1.3483193000e-04
1.3445703000e-04
1.3408313000e-04
1.3371022000e-04
1.3333830000e-04
1.3296738000e-04
1.3264570000e-04
1.3259743000e-04
1.3222847000e-04
1.3186049000e-04
1.3149349000e-04
1.3112747000e-04
1.3076242000e-04
1.3039834000e-04
1.3003524000e-04
1.2967310000e-04
1.2931192000e-04
1.2895171000e-04
1.2859245000e-04
1.2823416000e-04
1.2787682000e-04
1.2752043000e-04
1.2716499000e-04
1.2681051000e-04
1.2645696000e-04
1.2610437000e-04
1.2575271000e-04
1.2540199000e-04
1.2505221000e-04
1.2470337000e-04
1.2435545000e-04
1.2400847000e-04
1.2366241000e-04
1.2331728000e-04
1.2297308000e-04
1.2262979000e-04
1.2228742000e-04
1.2194597000e-04
1.2160543000e-04
1.2126580000e-04
1.2093653000e-04
1.2062626000e-04
1.2032415000e-04
1.2002014000e-04
1.1971423000e-04
1.1940641000e-04
1.1909670000e-04
1.1878509000e-04
1.1874911000e-04
1.1847158000e-04
1.1815617000e-04
1.1783887000e-04
1.1751968000e-04
1.1719860000e-04
1.1687563000e-04
1.1655078000e-04
1.1622404000e-04
1.1589543000e-04
1.1556494000e-04
1.1523259000e-04
1.1489836000e-04
1.1456228000e-04
1.1422434000e-04
1.1388454000e-04
1.1354290000e-04
1.1319942000e-04
1.1285410000e-04
1.1250695000e-04
1.1215798000e-04
1.1180720000e-04
1.1145460000e-04
1.1110021000e-04
1.1074402000e-04
1.1038604000e-04
1.1002629000e-04
1.0966477000e-04
1.0930149000e-04
1.0893645000e-04
1.0856968000e-04
1.0820118000e-04
1.0783095000e-04
1.0745901000e-04
1.0708537000e-04
1.0697393000e-04
1.0671004000e-04
1.0633303000e-04
1.0595436000e-04
1.0557404000e-04
1.0519207000e-04
1.0480848000e-04
1.0442327000e-04
1.0403645000e-04
1.0364805000e-04
1.0325807000e-04
1.0286654000e-04
1.0247345000e-04
1.0207884000e-04
1.0168271000e-04
1.0128509000e-04
1.0088598000e-04
1.0048540000e-04
1.0008337000e-04
9.9679906000e-05
9.9275021000e-05
9.8868745000e-05
9.8461079000e-05
9.8052058000e-05
9.7641682000e-05
9.7229991000e-05
9.6890265000e-05
9.6816982000e-05
9.6402694000e-05
9.5987127000e-05
9.5570324000e-05
9.5152281000e-05
9.4733042000e-05
9.4312604000e-05
9.3891013000e-05
9.3468266000e-05
9.3044409000e-05
9.2619438000e-05
9.2193402000e-05
9.1766297000e-05
9.1338173000e-05
9.0909024000e-05
9.0478904000e-05
9.0047805000e-05
8.9615782000e-05
8.9182829000e-05
8.8749000000e-05
8.8314288000e-05
8.8175844000e-05
8.7878751000e-05
8.7442379000e-05
8.7005234000e-05
8.6567303000e-05
8.6128652000e-05
8.5689266000e-05
8.5249213000e-05
8.4808475000e-05
8.4367123000e-05
8.3925139000e-05
8.3482596000e-05
8.3039474000e-05
8.2595848000e-05
8.2151695000e-05
8.1707094000e-05
8.1262021000e-05
8.0816557000e-05
8.0583418000e-05
8.0370674000e-05
7.9924456000e-05
7.9477874000e-05
7.9031018000e-05
7.8583852000e-05
7.8136470000e-05
7.7688832000e-05
7.7241038000e-05
7.6793044000e-05
7.6344954000e-05
7.5896719000e-05
7.5448447000e-05
7.5000087000e-05
7.4551750000e-05
7.4103380000e-05
7.3920901000e-05
7.3655094000e-05
7.3206830000e-05
7.2758711000e-05
7.2310671000e-05
7.1862837000e-05
7.1415137000e-05
7.0967705000e-05
7.0520461000e-05
7.0073547000e-05
6.9626876000e-05
6.9180596000e-05
6.8734614000e-05
6.8289084000e-05
6.8036982000e-05
6.7843906000e-05
6.7399241000e-05
6.6954983000e-05
6.6511298000e-05
6.6068074000e-05
6.5625485000e-05
6.5183408000e-05
6.4742027000e-05
6.4301210000e-05
6.3861150000e-05
6.3421705000e-05
6.2983078000e-05
6.2810713000e-05
6.2545115000e-05
6.2108029000e-05
6.1671658000e-05
6.1236223000e-05
6.0801552000e-05
6.0367877000e-05
5.9935011000e-05
5.9503202000e-05
5.9072248000e-05
5.8642408000e-05
5.8213469000e-05
5.8144188000e-05
5.7785702000e-05
5.7358878000e-05
5.6933285000e-05
5.6508677000e-05
5.6085357000e-05
5.5663063000e-05
5.5242113000e-05
5.4822229000e-05
5.4403745000e-05
5.3986364000e-05
5.3958176000e-05
5.3570440000e-05
5.3155653000e-05
5.2742378000e-05
5.2330276000e-05
5.1919740000e-05
5.1510408000e-05
5.1102698000e-05
5.0696222000e-05
5.0291420000e-05
5.0187704000e-05
4.9887882000e-05
4.9486071000e-05
4.9085550000e-05
4.8686808000e-05
4.8289382000e-05
4.7893786000e-05
4.7477135000e-05
4.7021254000e-05
4.6778815000e-05
4.6550291000e-05
4.6088013000e-05
4.5633682000e-05
4.5187616000e-05
4.4749081000e-05
4.4318419000e-05
4.3894898000e-05
4.3683131000e-05
4.3478883000e-05
4.3069644000e-05
4.2667567000e-05
4.2271925000e-05
4.1883122000e-05
4.1500433000e-05
4.1124281000e-05
4.0863866000e-05
4.0753940000e-05
4.0389854000e-05
4.0031294000e-05
3.9678722000e-05
3.9331408000e-05
3.8989832000e-05
3.8653262000e-05
3.8322194000e-05
3.8288615000e-05
3.7995893000e-05
3.7674873000e-05
3.7358394000e-05
3.7046987000e-05
3.6739909000e-05
3.6437706000e-05
3.6139630000e-05
3.5930121000e-05
3.5846242000e-05
3.5556791000e-05
3.5271853000e-05
3.4990672000e-05
3.4713837000e-05
3.4440587000e-05
3.4171526000e-05
3.3905888000e-05
3.3763893000e-05
3.3644291000e-05
3.3385962000e-05
3.3131534000e-05
3.2880227000e-05
3.2632686000e-05
3.2388128000e-05
3.2147210000e-05
3.1909142000e-05
3.1769533000e-05
3.1674594000e-05
3.1442770000e-05
3.1214352000e-05
3.0988537000e-05
3.0766020000e-05
3.0545991000e-05
3.0329158000e-05
3.0114704000e-05
2.9929184000e-05
2.9903348000e-05
2.9694267000e-05
2.9488191000e-05
2.9284290000e-05
2.9083306000e-05
2.8884400000e-05
2.8688328000e-05
2.8494243000e-05
2.8302911000e-05
2.8227709000e-05
2.8113480000e-05
2.7926727000e-05
2.7741790000e-05
2.7559457000e-05
2.7378861000e-05
2.7200801000e-05
2.7024399000e-05
2.6850467000e-05
2.6678121000e-05
2.6650985000e-05
2.6508182000e-05
2.6339759000e-05
2.6173682000e-05
2.6009052000e-05
2.5846712000e-05
2.5685753000e-05
2.5527029000e-05
2.5369624000e-05
2.5214402000e-05
2.5187800000e-05
2.5060439000e-05
2.4908609000e-05
2.4757979000e-05
2.4609435000e-05
2.4462035000e-05
2.4316675000e-05
2.4172405000e-05
2.4030132000e-05
2.3888897000e-05
2.3827134000e-05
2.3749618000e-05
2.3611328000e-05
2.3474952000e-05
2.3318112000e-05
2.3206401000e-05
1.5139980000e-04
1.5109049000e-04
1.5067263000e-04
1.5025587000e-04
1.4984021000e-04
1.4942564000e-04
1.4924499000e-04
1.4901216000e-04
1.4859977000e-04
1.4818847000e-04
1.4777824000e-04
1.4736910000e-04
1.4696104000e-04
1.4655405000e-04
1.4614813000e-04
1.4574329000e-04
1.4533951000e-04
1.4493679000e-04
1.4453515000e-04
1.4413456000e-04
1.4373503000e-04
1.4333655000e-04
1.4293912000e-04
1.4254275000e-04
1.4214742000e-04
1.4175314000e-04
1.4135990000e-04
1.4096770000e-04
1.4057654000e-04
1.4018641000e-04
1.3979732000e-04
1.3940926000e-04
1.3902222000e-04
1.3863620000e-04
1.3825122000e-04
1.3786725000e-04
1.3748430000e-04
1.3710236000e-04
1.3672144000e-04
1.3634153000e-04
1.3596262000e-04
1.3558472000e-04
1.3520783000e-04
1.3483193000e-04
1.3445703000e-04
1.3408313000e-04
1.3371022000e-04
1.3333830000e-04
1.3296738000e-04
1.3264570000e-04
1.3259743000e-04
1.3222847000e-04
1.3186049000e-04
1.3149349000e-04
1.3112747000e-04
1.3076242000e-04
1.3039834000e-04
1.3003524000e-04
1.2967310000e-04
1.2931192000e-04
1.2895171000e-04
1.2859245000e-04
1.2823416000e-04
1.2787682000e-04
1.2752043000e-04
1.2716499000e-04
1.2681051000e-04
1.2645696000e-04
1.2610437000e-04
1.2575271000e-04
1.2540199000e-04
1.2505221000e-04
1.2470337000e-04
1.2435545000e-04
1.2400847000e-04
1.2366241000e-04
1.2331728000e-04
1.2297308000e-04
1.2262979000e-04
1.2228742000e-04
1.2194597000e-04
1.2160543000e-04
1.2126580000e-04
1.2093653000e-04
1.2062626000e-04
1.2032415000e-04
1.2002014000e-04
1.1971423000e-04
1.1940641000e-04
1.1909670000e-04
1.1878509000e-04
1.1874911000e-04
1.1847158000e-04
1.1815617000e-04
1.1783887000e-04
1.1751968000e-04
1.1719860000e-04
1.1687563000e-04
1.1655078000e-04
1.1622404000e-04
1.1589543000e-04
1.1556494000e-04
1.1523259000e-04
1.1489836000e-04
1.1456228000e-04
1.1422434000e-04
1.1388454000e-04
1.1354290000e-04
1.1319942000e-04
1.1285410000e-04
1.1250695000e-04
1.1215798000e-04
1.1180720000e-04
1.1145460000e-04
1.1110021000e-04
1.1074402000e-04
1.1038604000e-04
1.1002629000e-04
1.0966477000e-04
1.0930149000e-04
1.0893645000e-04
1.0856968000e-04
1.0820118000e-04
1.0783095000e-04
1.0745901000e-04
1.0708537000e-04
1.0697393000e-04
1.0671004000e-04
1.0633303000e-04
1.0595436000e-04
1.0557404000e-04
1.0519207000e-04
1.0480848000e-04
1.0442327000e-04
1.0403645000e-04
1.0364805000e-04
1.0325807000e-04
1.0286654000e-04
1.0247345000e-04
1.0207884000e-04
1.0168271000e-04
1.0128509000e-04
1.0088598000e-04
1.0048540000e-04
1.0008337000e-04
9.9679906000e-05
9.9275021000e-05
9.8868745000e-05
9.8461079000e-05
9.8052058000e-05
9.7641682000e-05
9.7229991000e-05
9.6890265000e-05
9.6816982000e-05
9.6402694000e-05
9.5987127000e-05
9.5570324000e-05
9.5152281000e-05
9.4733042000e-05
9.4312604000e-05
9.3891013000e-05
9.3468266000e-05
9.3044409000e-05
9.2619438000e-05
9.2193402000e-05
9.1766297000e-05
9.1338173000e-05
9.0909024000e-05
9.0478904000e-05
9.0047805000e-05
8.9615782000e-05
8.9182829000e-05
8.8749000000e-05
8.8314288000e-05
8.8175844000e-05
8.7878751000e-05
8.7442379000e-05
8.7005234000e-05
8.6567303000e-05
8.6128652000e-05
8.5689266000e-05
8.5249213000e-05
8.4808475000e-05
8.4367123000e-05
8.3925139000e-05
8.3482596000e-05
8.3039474000e-05
8.2595848000e-05
8.2151695000e-05
8.1707094000e-05
8.1262021000e-05
8.0816557000e-05
8.0583418000e-05
8.0370674000e-05
7.9924456000e-05
7.9477874000e-05
7.9031018000e-05
7.8583852000e-05
7.8136470000e-05
7.7688832000e-05
7.7241038000e-05
7.6793044000e-05
7.6344954000e-05
7.5896719000e-05
7.5448447000e-05
7.5000087000e-05
7.4551750000e-05
7.4103380000e-05
7.3920901000e-05
7.3655094000e-05
7.3206830000e-05
7.2758711000e-05
7.2310671000e-05
7.1862837000e-05
7.1415137000e-05
7.0967705000e-05
7.0520461000e-05
7.0073547000e-05
6.9626876000e-05
6.9180596000e-05
6.8734614000e-05
6.8289084000e-05
6.8036982000e-05
6.7843906000e-05
6.7399241000e-05
6.6954983000e-05
6.6511298000e-05
6.6068074000e-05
6.5625485000e-05
6.5183408000e-05
6.4742027000e-05
6.4301210000e-05
6.3861150000e-05
6.3421705000e-05
6.2983078000e-05
6.2810713000e-05
6.2545115000e-05
6.2108029000e-05
6.1671658000e-05
6.1236223000e-05
6.0801552000e-05
6.0367877000e-05
5.9935011000e-05
5.9503202000e-05
5.9072248000e-05
5.8642408000e-05
5.8213469000e-05
5.8144188000e-05
5.7785702000e-05
5.7358878000e-05
5.6933285000e-05
5.6508677000e-05
5.6085357000e-05
5.5663063000e-05
5.5242113000e-05
5.4822229000e-05
5.4403745000e-05
5.3986364000e-05
5.3958176000e-05
5.3570440000e-05
5.3155653000e-05
5.2742378000e-05
5.2330276000e-05
5.1919740000e-05
5.1510408000e-05
5.1102698000e-05
5.0696222000e-05
5.0291420000e-05
5.0187704000e-05
4.9887882000e-05
4.9486071000e-05
4.9085550000e-05
4.8686808000e-05
4.8289382000e-05
4.7893786000e-05
4.7477135000e-05
4.7021254000e-05
4.6778815000e-05
4.6550291000e-05
4.6088013000e-05
4.5633682000e-05
4.5187616000e-05
4.4749081000e-05
4.4318419000e-05
4.3894898000e-05
4.3683131000e-05
4.3478883000e-05
4.3069644000e-05
4.2667567000e-05
4.2271925000e-05
4.1883122000e-05
4.1500433000e-05
4.1124281000e-05
4.0863866000e-05
4.0753940000e-05
4.0389854000e-05
4.0031294000e-05
3.9678722000e-05
3.9331408000e-05
3.8989832000e-05
3.8653262000e-05
3.8322194000e-05
3.8288615000e-05
3.7995893000e-05
3.7674873000e-05
3.7358394000e-05
3.7046987000e-05
3.6739909000e-05
3.6437706000e-05
3.6139630000e-05
3.5930121000e-05
3.5846242000e-05
3.5556791000e-05
3.5271853000e-05
3.4990672000e-05
3.4713837000e-05
3.4440587000e-05
3.4171526000e-05
3.3905888000e-05
3.3763893000e-05
3.3644291000e-05
3.3385962000e-05
3.3131534000e-05
3.2880227000e-05
3.2632686000e-05
3.2388128000e-05
3.2147210000e-05
3.1909142000e-05
3.1769533000e-05
3.1674594000e-05
3.1442770000e-05
3.1214352000e-05
3.0988537000e-05
3.0766020000e-05
3.0545991000e-05
3.0329158000e-05
3.0114704000e-05
2.9929184000e-05
2.9903348000e-05
2.9694267000e-05
2.9488191000e-05
2.9284290000e-05
2.9083306000e-05
2.8884400000e-05
2.8688328000e-05
2.8494243000e-05
2.8302911000e-05
2.8227709000e-05
2.8113480000e-05
2.7926727000e-05
2.7741790000e-05
2.7559457000e-05
2.7378861000e-05
2.7200801000e-05
2.7024399000e-05
2.6850467000e-05
2.6678121000e-05
2.6650985000e-05
2.6508182000e-05
2.6339759000e-05
2.6173682000e-05
2.6009052000e-05
2.5846712000e-05
2.5685753000e-05
2.5527029000e-05
2.5369624000e-05
2.5214402000e-05
2.5187800000e-05
2.5060439000e-05
2.4908609000e-05
2.4757979000e-05
2.4609435000e-05
2.4462035000e-05
2.4316675000e-05
2.4172405000e-05
2.4030132000e-05
2.3888897000e-05
2.3827134000e-05
2.3749618000e-05
2.3611328000e-05
2.3474952000e-05
2.3318112000e-05
2.3206401000e-05
)