766
(
1.9143016000e+03
1.9111724000e+03
1.9069428000e+03
1.9027219000e+03
1.8985099000e+03
1.8943065000e+03
1.8924739000e+03
1.8901120000e+03
1.8859261000e+03
1.8817489000e+03
1.8775805000e+03
1.8734206000e+03
1.8692695000e+03
1.8651270000e+03
1.8609932000e+03
1.8568679000e+03
1.8527512000e+03
1.8486431000e+03
1.8445436000e+03
1.8404526000e+03
1.8363702000e+03
1.8322963000e+03
1.8282309000e+03
1.8241740000e+03
1.8201255000e+03
1.8160855000e+03
1.8120540000e+03
1.8080308000e+03
1.8040161000e+03
1.8000098000e+03
1.7960119000e+03
1.7920223000e+03
1.7880411000e+03
1.7840683000e+03
1.7801037000e+03
1.7761475000e+03
1.7721995000e+03
1.7682598000e+03
1.7643284000e+03
1.7604052000e+03
1.7564903000e+03
1.7525835000e+03
1.7486850000e+03
1.7447946000e+03
1.7409125000e+03
1.7370384000e+03
1.7331726000e+03
1.7293148000e+03
1.7254652000e+03
1.7221248000e+03
1.7216236000e+03
1.7177901000e+03
1.7139647000e+03
1.7101473000e+03
1.7063380000e+03
1.7025367000e+03
1.6987433000e+03
1.6949580000e+03
1.6911807000e+03
1.6874113000e+03
1.6836499000e+03
1.6798964000e+03
1.6761508000e+03
1.6724131000e+03
1.6686833000e+03
1.6649614000e+03
1.6612473000e+03
1.6575411000e+03
1.6538427000e+03
1.6501521000e+03
1.6464693000e+03
1.6427943000e+03
1.6391271000e+03
1.6354677000e+03
1.6318159000e+03
1.6281719000e+03
1.6245356000e+03
1.6209071000e+03
1.6172861000e+03
1.6136729000e+03
1.6100673000e+03
1.6064694000e+03
1.6028791000e+03
1.5993961000e+03
1.5961128000e+03
1.5929140000e+03
1.5896934000e+03
1.5864511000e+03
1.5831869000e+03
1.5799010000e+03
1.5765930000e+03
1.5762109000e+03
1.5732633000e+03
1.5699116000e+03
1.5665380000e+03
1.5631424000e+03
1.5597249000e+03
1.5562853000e+03
1.5528239000e+03
1.5493403000e+03
1.5458349000e+03
1.5423074000e+03
1.5387579000e+03
1.5351864000e+03
1.5315930000e+03
1.5279775000e+03
1.5243402000e+03
1.5206807000e+03
1.5169994000e+03
1.5132961000e+03
1.5095710000e+03
1.5058240000e+03
1.5020551000e+03
1.4982644000e+03
1.4944520000e+03
1.4906177000e+03
1.4867618000e+03
1.4828841000e+03
1.4789849000e+03
1.4750641000e+03
1.4711218000e+03
1.4671579000e+03
1.4631728000e+03
1.4591662000e+03
1.4551384000e+03
1.4510893000e+03
1.4498807000e+03
1.4470191000e+03
1.4429277000e+03
1.4388155000e+03
1.4346822000e+03
1.4305282000e+03
1.4263534000e+03
1.4221580000e+03
1.4179418000e+03
1.4137055000e+03
1.4094485000e+03
1.4051715000e+03
1.4008741000e+03
1.3965568000e+03
1.3922194000e+03
1.3878624000e+03
1.3834855000e+03
1.3790892000e+03
1.3746733000e+03
1.3702382000e+03
1.3657838000e+03
1.3613105000e+03
1.3568181000e+03
1.3523072000e+03
1.3477774000e+03
1.3432293000e+03
1.3394730000e+03
1.3386627000e+03
1.3340782000e+03
1.3294755000e+03
1.3248552000e+03
1.3202169000e+03
1.3155615000e+03
1.3108884000e+03
1.3061985000e+03
1.3014913000e+03
1.2967677000e+03
1.2920271000e+03
1.2872705000e+03
1.2824973000e+03
1.2777085000e+03
1.2729035000e+03
1.2680833000e+03
1.2632473000e+03
1.2583965000e+03
1.2535304000e+03
1.2486499000e+03
1.2437544000e+03
1.2421939000e+03
1.2388450000e+03
1.2339212000e+03
1.2289839000e+03
1.2240325000e+03
1.2190682000e+03
1.2140902000e+03
1.2090999000e+03
1.2040963000e+03
1.1990808000e+03
1.1940526000e+03
1.1890130000e+03
1.1839612000e+03
1.1788985000e+03
1.1738240000e+03
1.1687393000e+03
1.1636433000e+03
1.1585375000e+03
1.1558622000e+03
1.1534209000e+03
1.1482952000e+03
1.1431592000e+03
1.1380146000e+03
1.1328603000e+03
1.1276980000e+03
1.1225265000e+03
1.1173475000e+03
1.1121598000e+03
1.1069653000e+03
1.1017627000e+03
1.0965539000e+03
1.0913375000e+03
1.0861155000e+03
1.0808864000e+03
1.0787558000e+03
1.0756524000e+03
1.0704118000e+03
1.0651669000e+03
1.0599161000e+03
1.0546617000e+03
1.0494018000e+03
1.0441388000e+03
1.0388711000e+03
1.0336010000e+03
1.0283266000e+03
1.0230504000e+03
1.0177706000e+03
1.0124897000e+03
1.0094974000e+03
1.0072057000e+03
1.0019212000e+03
9.9663420000e+02
9.9134746000e+02
9.8605867000e+02
9.8077086000e+02
9.7548155000e+02
9.7019392000e+02
9.6490532000e+02
9.5961909000e+02
9.5433245000e+02
9.4904886000e+02
9.4696950000e+02
9.4376539000e+02
9.3848566000e+02
9.3320659000e+02
9.2793197000e+02
9.2265853000e+02
9.1739024000e+02
9.1212365000e+02
9.0686291000e+02
9.0160437000e+02
8.9635239000e+02
8.9110312000e+02
8.9025413000e+02
8.8586110000e+02
8.8062227000e+02
8.7539141000e+02
8.7016422000e+02
8.6494571000e+02
8.5973133000e+02
8.5452634000e+02
8.4932594000e+02
8.4413564000e+02
8.3895037000e+02
8.3859968000e+02
8.3377589000e+02
8.2860687000e+02
8.2344937000e+02
8.1829773000e+02
8.1315831000e+02
8.0802515000e+02
8.0290493000e+02
7.9779134000e+02
7.9269140000e+02
7.9138243000e+02
7.8759845000e+02
7.8251986000e+02
7.7744860000e+02
7.7239241000e+02
7.6734387000e+02
7.6231112000e+02
7.5699753000e+02
7.5118024000e+02
7.4807860000e+02
7.4515497000e+02
7.3922919000e+02
7.3339345000e+02
7.2765278000e+02
7.2199775000e+02
7.1643366000e+02
7.1095107000e+02
7.0820455000e+02
7.0555554000e+02
7.0023763000e+02
6.9500311000e+02
6.8984255000e+02
6.8476195000e+02
6.7975186000e+02
6.7481850000e+02
6.7139675000e+02
6.6995238000e+02
6.6515995000e+02
6.6043169000e+02
6.5577423000e+02
6.5117804000e+02
6.4664994000e+02
6.4218036000e+02
6.3777631000e+02
6.3732886000e+02
6.3342818000e+02
6.2914316000e+02
6.2491159000e+02
6.2074083000e+02
6.1662118000e+02
6.1256018000e+02
6.0854807000e+02
6.0572344000e+02
6.0459257000e+02
6.0068384000e+02
5.9682978000e+02
5.9302048000e+02
5.8926399000e+02
5.8555037000e+02
5.8188782000e+02
5.7826631000e+02
5.7632737000e+02
5.7469422000e+02
5.7116144000e+02
5.6767650000e+02
5.6422922000e+02
5.6082828000e+02
5.5746343000e+02
5.5414349000e+02
5.5085814000e+02
5.4892855000e+02
5.4761636000e+02
5.4440772000e+02
5.4124137000e+02
5.3810679000e+02
5.3501326000e+02
5.3195019000e+02
5.2892701000e+02
5.2593303000e+02
5.2333907000e+02
5.2297783000e+02
5.2005064000e+02
5.1716116000e+02
5.1429853000e+02
5.1147260000e+02
5.0867241000e+02
5.0590796000e+02
5.0316819000e+02
5.0046324000e+02
4.9939879000e+02
4.9778195000e+02
4.9513461000e+02
4.9250996000e+02
4.8991841000e+02
4.8734860000e+02
4.8481109000e+02
4.8229442000e+02
4.7980928000e+02
4.7734412000e+02
4.7695541000e+02
4.7490977000e+02
4.7249456000e+02
4.7010943000e+02
4.6774265000e+02
4.6540529000e+02
4.6308550000e+02
4.6079448000e+02
4.5852029000e+02
4.5627425000e+02
4.5588897000e+02
4.5404433000e+02
4.5184197000e+02
4.4965503000e+02
4.4749509000e+02
4.4534990000e+02
4.4323116000e+02
4.4112652000e+02
4.3904783000e+02
4.3698261000e+02
4.3607808000e+02
4.3494284000e+02
4.3291594000e+02
4.3091402000e+02
4.2860806000e+02
4.2696508000e+02
1.9143016000e+03
1.9111724000e+03
1.9069428000e+03
1.9027219000e+03
1.8985099000e+03
1.8943065000e+03
1.8924739000e+03
1.8901120000e+03
1.8859261000e+03
1.8817489000e+03
1.8775805000e+03
1.8734206000e+03
1.8692695000e+03
1.8651270000e+03
1.8609932000e+03
1.8568679000e+03
1.8527512000e+03
1.8486431000e+03
1.8445436000e+03
1.8404526000e+03
1.8363702000e+03
1.8322963000e+03
1.8282309000e+03
1.8241740000e+03
1.8201255000e+03
1.8160855000e+03
1.8120540000e+03
1.8080308000e+03
1.8040161000e+03
1.8000098000e+03
1.7960119000e+03
1.7920223000e+03
1.7880411000e+03
1.7840683000e+03
1.7801037000e+03
1.7761475000e+03
1.7721995000e+03
1.7682598000e+03
1.7643284000e+03
1.7604052000e+03
1.7564903000e+03
1.7525835000e+03
1.7486850000e+03
1.7447946000e+03
1.7409125000e+03
1.7370384000e+03
1.7331726000e+03
1.7293148000e+03
1.7254652000e+03
1.7221248000e+03
1.7216236000e+03
1.7177901000e+03
1.7139647000e+03
1.7101473000e+03
1.7063380000e+03
1.7025367000e+03
1.6987433000e+03
1.6949580000e+03
1.6911807000e+03
1.6874113000e+03
1.6836499000e+03
1.6798964000e+03
1.6761508000e+03
1.6724131000e+03
1.6686833000e+03
1.6649614000e+03
1.6612473000e+03
1.6575411000e+03
1.6538427000e+03
1.6501521000e+03
1.6464693000e+03
1.6427943000e+03
1.6391271000e+03
1.6354677000e+03
1.6318159000e+03
1.6281719000e+03
1.6245356000e+03
1.6209071000e+03
1.6172861000e+03
1.6136729000e+03
1.6100673000e+03
1.6064694000e+03
1.6028791000e+03
1.5993961000e+03
1.5961128000e+03
1.5929140000e+03
1.5896934000e+03
1.5864511000e+03
1.5831869000e+03
1.5799010000e+03
1.5765930000e+03
1.5762109000e+03
1.5732633000e+03
1.5699116000e+03
1.5665380000e+03
1.5631424000e+03
1.5597249000e+03
1.5562853000e+03
1.5528239000e+03
1.5493403000e+03
1.5458349000e+03
1.5423074000e+03
1.5387579000e+03
1.5351864000e+03
1.5315930000e+03
1.5279775000e+03
1.5243402000e+03
1.5206807000e+03
1.5169994000e+03
1.5132961000e+03
1.5095710000e+03
1.5058240000e+03
1.5020551000e+03
1.4982644000e+03
1.4944520000e+03
1.4906177000e+03
1.4867618000e+03
1.4828841000e+03
1.4789849000e+03
1.4750641000e+03
1.4711218000e+03
1.4671579000e+03
1.4631728000e+03
1.4591662000e+03
1.4551384000e+03
1.4510893000e+03
1.4498807000e+03
1.4470191000e+03
1.4429277000e+03
1.4388155000e+03
1.4346822000e+03
1.4305282000e+03
1.4263534000e+03
1.4221580000e+03
1.4179418000e+03
1.4137055000e+03
1.4094485000e+03
1.4051715000e+03
1.4008741000e+03
1.3965568000e+03
1.3922194000e+03
1.3878624000e+03
1.3834855000e+03
1.3790892000e+03
1.3746733000e+03
1.3702382000e+03
1.3657838000e+03
1.3613105000e+03
1.3568181000e+03
1.3523072000e+03
1.3477774000e+03
1.3432293000e+03
1.3394730000e+03
1.3386627000e+03
1.3340782000e+03
1.3294755000e+03
1.3248552000e+03
1.3202169000e+03
1.3155615000e+03
1.3108884000e+03
1.3061985000e+03
1.3014913000e+03
1.2967677000e+03
1.2920271000e+03
1.2872705000e+03
1.2824973000e+03
1.2777085000e+03
1.2729035000e+03
1.2680833000e+03
1.2632473000e+03
1.2583965000e+03
1.2535304000e+03
1.2486499000e+03
1.2437544000e+03
1.2421939000e+03
1.2388450000e+03
1.2339212000e+03
1.2289839000e+03
1.2240325000e+03
1.2190682000e+03
1.2140902000e+03
1.2090999000e+03
1.2040963000e+03
1.1990808000e+03
1.1940526000e+03
1.1890130000e+03
1.1839612000e+03
1.1788985000e+03
1.1738240000e+03
1.1687393000e+03
1.1636433000e+03
1.1585375000e+03
1.1558622000e+03
1.1534209000e+03
1.1482952000e+03
1.1431592000e+03
1.1380146000e+03
1.1328603000e+03
1.1276980000e+03
1.1225265000e+03
1.1173475000e+03
1.1121598000e+03
1.1069653000e+03
1.1017627000e+03
1.0965539000e+03
1.0913375000e+03
1.0861155000e+03
1.0808864000e+03
1.0787558000e+03
1.0756524000e+03
1.0704118000e+03
1.0651669000e+03
1.0599161000e+03
1.0546617000e+03
1.0494018000e+03
1.0441388000e+03
1.0388711000e+03
1.0336010000e+03
1.0283266000e+03
1.0230504000e+03
1.0177706000e+03
1.0124897000e+03
1.0094974000e+03
1.0072057000e+03
1.0019212000e+03
9.9663420000e+02
9.9134746000e+02
9.8605867000e+02
9.8077086000e+02
9.7548155000e+02
9.7019392000e+02
9.6490532000e+02
9.5961909000e+02
9.5433245000e+02
9.4904886000e+02
9.4696950000e+02
9.4376539000e+02
9.3848566000e+02
9.3320659000e+02
9.2793197000e+02
9.2265853000e+02
9.1739024000e+02
9.1212365000e+02
9.0686291000e+02
9.0160437000e+02
8.9635239000e+02
8.9110312000e+02
8.9025413000e+02
8.8586110000e+02
8.8062227000e+02
8.7539141000e+02
8.7016422000e+02
8.6494571000e+02
8.5973133000e+02
8.5452634000e+02
8.4932594000e+02
8.4413564000e+02
8.3895037000e+02
8.3859968000e+02
8.3377589000e+02
8.2860687000e+02
8.2344937000e+02
8.1829773000e+02
8.1315831000e+02
8.0802515000e+02
8.0290493000e+02
7.9779134000e+02
7.9269140000e+02
7.9138243000e+02
7.8759845000e+02
7.8251986000e+02
7.7744860000e+02
7.7239241000e+02
7.6734387000e+02
7.6231112000e+02
7.5699753000e+02
7.5118024000e+02
7.4807860000e+02
7.4515497000e+02
7.3922919000e+02
7.3339345000e+02
7.2765278000e+02
7.2199775000e+02
7.1643366000e+02
7.1095107000e+02
7.0820455000e+02
7.0555554000e+02
7.0023763000e+02
6.9500311000e+02
6.8984255000e+02
6.8476195000e+02
6.7975186000e+02
6.7481850000e+02
6.7139675000e+02
6.6995238000e+02
6.6515995000e+02
6.6043169000e+02
6.5577423000e+02
6.5117804000e+02
6.4664994000e+02
6.4218036000e+02
6.3777631000e+02
6.3732886000e+02
6.3342818000e+02
6.2914316000e+02
6.2491159000e+02
6.2074083000e+02
6.1662118000e+02
6.1256018000e+02
6.0854807000e+02
6.0572344000e+02
6.0459257000e+02
6.0068384000e+02
5.9682978000e+02
5.9302048000e+02
5.8926399000e+02
5.8555037000e+02
5.8188782000e+02
5.7826631000e+02
5.7632737000e+02
5.7469422000e+02
5.7116144000e+02
5.6767650000e+02
5.6422922000e+02
5.6082828000e+02
5.5746343000e+02
5.5414349000e+02
5.5085814000e+02
5.4892855000e+02
5.4761636000e+02
5.4440772000e+02
5.4124137000e+02
5.3810679000e+02
5.3501326000e+02
5.3195019000e+02
5.2892701000e+02
5.2593303000e+02
5.2333907000e+02
5.2297783000e+02
5.2005064000e+02
5.1716116000e+02
5.1429853000e+02
5.1147260000e+02
5.0867241000e+02
5.0590796000e+02
5.0316819000e+02
5.0046324000e+02
4.9939879000e+02
4.9778195000e+02
4.9513461000e+02
4.9250996000e+02
4.8991841000e+02
4.8734860000e+02
4.8481109000e+02
4.8229442000e+02
4.7980928000e+02
4.7734412000e+02
4.7695541000e+02
4.7490977000e+02
4.7249456000e+02
4.7010943000e+02
4.6774265000e+02
4.6540529000e+02
4.6308550000e+02
4.6079448000e+02
4.5852029000e+02
4.5627425000e+02
4.5588897000e+02
4.5404433000e+02
4.5184197000e+02
4.4965503000e+02
4.4749509000e+02
4.4534990000e+02
4.4323116000e+02
4.4112652000e+02
4.3904783000e+02
4.3698261000e+02
4.3607808000e+02
4.3494284000e+02
4.3291594000e+02
4.3091402000e+02
4.2860806000e+02
4.2696508000e+02
)