766
(
2.1823630000e+01
2.1802733000e+01
2.1774401000e+01
2.1746014000e+01
2.1717573000e+01
2.1689080000e+01
2.1676606000e+01
2.1660541000e+01
2.1631955000e+01
2.1603320000e+01
2.1574636000e+01
2.1545906000e+01
2.1517131000e+01
2.1488311000e+01
2.1459450000e+01
2.1430546000e+01
2.1401603000e+01
2.1372621000e+01
2.1343601000e+01
2.1314546000e+01
2.1285455000e+01
2.1256331000e+01
2.1227174000e+01
2.1197986000e+01
2.1168768000e+01
2.1139521000e+01
2.1110246000e+01
2.1080945000e+01
2.1051618000e+01
2.1022266000e+01
2.0992891000e+01
2.0963494000e+01
2.0934075000e+01
2.0904636000e+01
2.0875179000e+01
2.0845703000e+01
2.0816209000e+01
2.0786700000e+01
2.0757175000e+01
2.0727636000e+01
2.0698083000e+01
2.0668518000e+01
2.0638941000e+01
2.0609353000e+01
2.0579756000e+01
2.0550149000e+01
2.0520534000e+01
2.0490912000e+01
2.0461283000e+01
2.0435513000e+01
2.0431646000e+01
2.0401989000e+01
2.0372327000e+01
2.0342661000e+01
2.0312990000e+01
2.0283317000e+01
2.0253642000e+01
2.0223965000e+01
2.0194287000e+01
2.0164609000e+01
2.0134931000e+01
2.0105254000e+01
2.0075579000e+01
2.0045906000e+01
2.0016236000e+01
1.9986569000e+01
1.9956906000e+01
1.9927248000e+01
1.9897595000e+01
1.9867947000e+01
1.9838306000e+01
1.9808670000e+01
1.9779042000e+01
1.9749422000e+01
1.9719809000e+01
1.9690205000e+01
1.9660609000e+01
1.9631023000e+01
1.9601446000e+01
1.9571879000e+01
1.9542322000e+01
1.9512776000e+01
1.9483241000e+01
1.9454523000e+01
1.9427443000e+01
1.9401001000e+01
1.9374336000e+01
1.9347449000e+01
1.9320339000e+01
1.9293006000e+01
1.9265448000e+01
1.9262258000e+01
1.9237641000e+01
1.9209605000e+01
1.9181341000e+01
1.9152847000e+01
1.9124122000e+01
1.9095167000e+01
1.9065980000e+01
1.9036559000e+01
1.9006904000e+01
1.8977014000e+01
1.8946888000e+01
1.8916525000e+01
1.8885925000e+01
1.8855086000e+01
1.8824007000e+01
1.8792688000e+01
1.8761127000e+01
1.8729324000e+01
1.8697278000e+01
1.8664988000e+01
1.8632453000e+01
1.8599672000e+01
1.8566645000e+01
1.8533370000e+01
1.8499847000e+01
1.8466074000e+01
1.8432052000e+01
1.8397779000e+01
1.8363254000e+01
1.8328476000e+01
1.8293445000e+01
1.8258160000e+01
1.8222620000e+01
1.8186823000e+01
1.8176116000e+01
1.8150746000e+01
1.8114401000e+01
1.8077797000e+01
1.8040934000e+01
1.8003810000e+01
1.7966425000e+01
1.7928779000e+01
1.7890870000e+01
1.7852697000e+01
1.7814259000e+01
1.7775557000e+01
1.7736588000e+01
1.7697352000e+01
1.7657848000e+01
1.7618075000e+01
1.7578033000e+01
1.7537721000e+01
1.7497136000e+01
1.7456279000e+01
1.7415149000e+01
1.7373744000e+01
1.7332064000e+01
1.7290108000e+01
1.7247873000e+01
1.7205361000e+01
1.7170161000e+01
1.7162563000e+01
1.7119452000e+01
1.7076059000e+01
1.7032385000e+01
1.6988426000e+01
1.6944183000e+01
1.6899654000e+01
1.6854838000e+01
1.6809734000e+01
1.6764341000e+01
1.6718657000e+01
1.6672681000e+01
1.6626412000e+01
1.6579849000e+01
1.6532989000e+01
1.6485833000e+01
1.6438379000e+01
1.6390623000e+01
1.6342567000e+01
1.6294207000e+01
1.6245543000e+01
1.6229974000e+01
1.6196545000e+01
1.6147226000e+01
1.6097599000e+01
1.6047661000e+01
1.5997410000e+01
1.5946845000e+01
1.5895964000e+01
1.5844764000e+01
1.5793245000e+01
1.5741405000e+01
1.5689240000e+01
1.5636750000e+01
1.5583931000e+01
1.5530783000e+01
1.5477302000e+01
1.5423487000e+01
1.5369335000e+01
1.5340841000e+01
1.5314825000e+01
1.5259953000e+01
1.5204737000e+01
1.5149176000e+01
1.5093266000e+01
1.5037005000e+01
1.4980390000e+01
1.4923419000e+01
1.4866087000e+01
1.4808395000e+01
1.4750336000e+01
1.4691910000e+01
1.4633112000e+01
1.4573941000e+01
1.4514391000e+01
1.4489993000e+01
1.4454438000e+01
1.4394086000e+01
1.4333348000e+01
1.4272219000e+01
1.4210696000e+01
1.4148776000e+01
1.4086455000e+01
1.4023729000e+01
1.3960594000e+01
1.3897046000e+01
1.3833082000e+01
1.3768698000e+01
1.3703889000e+01
1.3666942000e+01
1.3638635000e+01
1.3572928000e+01
1.3506784000e+01
1.3440199000e+01
1.3373168000e+01
1.3305686000e+01
1.3237749000e+01
1.3169352000e+01
1.3100490000e+01
1.3031159000e+01
1.2961352000e+01
1.2891065000e+01
1.2863211000e+01
1.2820273000e+01
1.2748978000e+01
1.2677188000e+01
1.2604897000e+01
1.2532100000e+01
1.2458791000e+01
1.2384964000e+01
1.2310614000e+01
1.2235735000e+01
1.2160320000e+01
1.2084363000e+01
1.2071972000e+01
1.2007833000e+01
1.1930745000e+01
1.1853096000e+01
1.1774882000e+01
1.1696095000e+01
1.1616729000e+01
1.1536776000e+01
1.1456230000e+01
1.1375084000e+01
1.1293331000e+01
1.1287749000e+01
1.1210938000e+01
1.1127921000e+01
1.1044277000e+01
1.0959997000e+01
1.0875074000e+01
1.0789501000e+01
1.0703269000e+01
1.0616371000e+01
1.0528799000e+01
1.0506116000e+01
1.0440525000e+01
1.0351555000e+01
1.0261887000e+01
1.0171514000e+01
1.0080426000e+01
9.9886159000e+00
9.8908499000e+00
9.7822050000e+00
9.7236592000e+00
9.6684579000e+00
9.5550958000e+00
9.4421061000e+00
9.3294697000e+00
9.2171798000e+00
9.1052293000e+00
8.9936088000e+00
8.9369543000e+00
8.8822964000e+00
8.7712841000e+00
8.6605775000e+00
8.5501688000e+00
8.4400507000e+00
8.3302160000e+00
8.2206580000e+00
8.1438105000e+00
8.1113634000e+00
8.0023173000e+00
7.8935299000e+00
7.7849953000e+00
7.6767081000e+00
7.5686628000e+00
7.4608541000e+00
7.3532772000e+00
7.3422308000e+00
7.2459092000e+00
7.1387622000e+00
7.0318335000e+00
6.9251191000e+00
6.8186147000e+00
6.7123162000e+00
6.6062199000e+00
6.5305997000e+00
6.5003166000e+00
6.3945951000e+00
6.2890652000e+00
6.1837236000e+00
6.0785668000e+00
5.9735916000e+00
5.8687949000e+00
5.7641736000e+00
5.7074808000e+00
5.6597168000e+00
5.5554206000e+00
5.4512912000e+00
5.3473260000e+00
5.2435219000e+00
5.1398764000e+00
5.0363866000e+00
4.9330498000e+00
4.8716334000e+00
4.8298571000e+00
4.7268029000e+00
4.6238940000e+00
4.5211279000e+00
4.4185016000e+00
4.3160125000e+00
4.2136579000e+00
4.1114348000e+00
4.0218217000e+00
4.0093389000e+00
3.9073564000e+00
3.8054973000e+00
3.7037584000e+00
3.6021368000e+00
3.5006292000e+00
3.3992324000e+00
3.2979429000e+00
3.1967572000e+00
3.1566305000e+00
3.0956643000e+00
2.9946635000e+00
2.8937560000e+00
2.7929379000e+00
2.6922050000e+00
2.5915531000e+00
2.4909780000e+00
2.3904753000e+00
2.2900404000e+00
2.2740154000e+00
2.1896607000e+00
2.0893387000e+00
1.9890712000e+00
1.8888531000e+00
1.7886798000e+00
1.6885461000e+00
1.5884472000e+00
1.4883782000e+00
1.3883340000e+00
1.3710545000e+00
1.2883054000e+00
1.1882918000e+00
1.0882898000e+00
9.8829388000e-01
8.8830217000e-01
7.8830254000e-01
6.8831301000e-01
5.8826421000e-01
4.8834242000e-01
4.4384639000e-01
3.8799064000e-01
2.8884591000e-01
1.8641197000e-01
9.6587391000e-02
0.0000000000e+00
2.1823630000e+01
2.1802733000e+01
2.1774401000e+01
2.1746014000e+01
2.1717573000e+01
2.1689080000e+01
2.1676606000e+01
2.1660541000e+01
2.1631955000e+01
2.1603320000e+01
2.1574636000e+01
2.1545906000e+01
2.1517131000e+01
2.1488311000e+01
2.1459450000e+01
2.1430546000e+01
2.1401603000e+01
2.1372621000e+01
2.1343601000e+01
2.1314546000e+01
2.1285455000e+01
2.1256331000e+01
2.1227174000e+01
2.1197986000e+01
2.1168768000e+01
2.1139521000e+01
2.1110246000e+01
2.1080945000e+01
2.1051618000e+01
2.1022266000e+01
2.0992891000e+01
2.0963494000e+01
2.0934075000e+01
2.0904636000e+01
2.0875179000e+01
2.0845703000e+01
2.0816209000e+01
2.0786700000e+01
2.0757175000e+01
2.0727636000e+01
2.0698083000e+01
2.0668518000e+01
2.0638941000e+01
2.0609353000e+01
2.0579756000e+01
2.0550149000e+01
2.0520534000e+01
2.0490912000e+01
2.0461283000e+01
2.0435513000e+01
2.0431646000e+01
2.0401989000e+01
2.0372327000e+01
2.0342661000e+01
2.0312990000e+01
2.0283317000e+01
2.0253642000e+01
2.0223965000e+01
2.0194287000e+01
2.0164609000e+01
2.0134931000e+01
2.0105254000e+01
2.0075579000e+01
2.0045906000e+01
2.0016236000e+01
1.9986569000e+01
1.9956906000e+01
1.9927248000e+01
1.9897595000e+01
1.9867947000e+01
1.9838306000e+01
1.9808670000e+01
1.9779042000e+01
1.9749422000e+01
1.9719809000e+01
1.9690205000e+01
1.9660609000e+01
1.9631023000e+01
1.9601446000e+01
1.9571879000e+01
1.9542322000e+01
1.9512776000e+01
1.9483241000e+01
1.9454523000e+01
1.9427443000e+01
1.9401001000e+01
1.9374336000e+01
1.9347449000e+01
1.9320339000e+01
1.9293006000e+01
1.9265448000e+01
1.9262258000e+01
1.9237641000e+01
1.9209605000e+01
1.9181341000e+01
1.9152847000e+01
1.9124122000e+01
1.9095167000e+01
1.9065980000e+01
1.9036559000e+01
1.9006904000e+01
1.8977014000e+01
1.8946888000e+01
1.8916525000e+01
1.8885925000e+01
1.8855086000e+01
1.8824007000e+01
1.8792688000e+01
1.8761127000e+01
1.8729324000e+01
1.8697278000e+01
1.8664988000e+01
1.8632453000e+01
1.8599672000e+01
1.8566645000e+01
1.8533370000e+01
1.8499847000e+01
1.8466074000e+01
1.8432052000e+01
1.8397779000e+01
1.8363254000e+01
1.8328476000e+01
1.8293445000e+01
1.8258160000e+01
1.8222620000e+01
1.8186823000e+01
1.8176116000e+01
1.8150746000e+01
1.8114401000e+01
1.8077797000e+01
1.8040934000e+01
1.8003810000e+01
1.7966425000e+01
1.7928779000e+01
1.7890870000e+01
1.7852697000e+01
1.7814259000e+01
1.7775557000e+01
1.7736588000e+01
1.7697352000e+01
1.7657848000e+01
1.7618075000e+01
1.7578033000e+01
1.7537721000e+01
1.7497136000e+01
1.7456279000e+01
1.7415149000e+01
1.7373744000e+01
1.7332064000e+01
1.7290108000e+01
1.7247873000e+01
1.7205361000e+01
1.7170161000e+01
1.7162563000e+01
1.7119452000e+01
1.7076059000e+01
1.7032385000e+01
1.6988426000e+01
1.6944183000e+01
1.6899654000e+01
1.6854838000e+01
1.6809734000e+01
1.6764341000e+01
1.6718657000e+01
1.6672681000e+01
1.6626412000e+01
1.6579849000e+01
1.6532989000e+01
1.6485833000e+01
1.6438379000e+01
1.6390623000e+01
1.6342567000e+01
1.6294207000e+01
1.6245543000e+01
1.6229974000e+01
1.6196545000e+01
1.6147226000e+01
1.6097599000e+01
1.6047661000e+01
1.5997410000e+01
1.5946845000e+01
1.5895964000e+01
1.5844764000e+01
1.5793245000e+01
1.5741405000e+01
1.5689240000e+01
1.5636750000e+01
1.5583931000e+01
1.5530783000e+01
1.5477302000e+01
1.5423487000e+01
1.5369335000e+01
1.5340841000e+01
1.5314825000e+01
1.5259953000e+01
1.5204737000e+01
1.5149176000e+01
1.5093266000e+01
1.5037005000e+01
1.4980390000e+01
1.4923419000e+01
1.4866087000e+01
1.4808395000e+01
1.4750336000e+01
1.4691910000e+01
1.4633112000e+01
1.4573941000e+01
1.4514391000e+01
1.4489993000e+01
1.4454438000e+01
1.4394086000e+01
1.4333348000e+01
1.4272219000e+01
1.4210696000e+01
1.4148776000e+01
1.4086455000e+01
1.4023729000e+01
1.3960594000e+01
1.3897046000e+01
1.3833082000e+01
1.3768698000e+01
1.3703889000e+01
1.3666942000e+01
1.3638635000e+01
1.3572928000e+01
1.3506784000e+01
1.3440199000e+01
1.3373168000e+01
1.3305686000e+01
1.3237749000e+01
1.3169352000e+01
1.3100490000e+01
1.3031159000e+01
1.2961352000e+01
1.2891065000e+01
1.2863211000e+01
1.2820273000e+01
1.2748978000e+01
1.2677188000e+01
1.2604897000e+01
1.2532100000e+01
1.2458791000e+01
1.2384964000e+01
1.2310614000e+01
1.2235735000e+01
1.2160320000e+01
1.2084363000e+01
1.2071972000e+01
1.2007833000e+01
1.1930745000e+01
1.1853096000e+01
1.1774882000e+01
1.1696095000e+01
1.1616729000e+01
1.1536776000e+01
1.1456230000e+01
1.1375084000e+01
1.1293331000e+01
1.1287749000e+01
1.1210938000e+01
1.1127921000e+01
1.1044277000e+01
1.0959997000e+01
1.0875074000e+01
1.0789501000e+01
1.0703269000e+01
1.0616371000e+01
1.0528799000e+01
1.0506116000e+01
1.0440525000e+01
1.0351555000e+01
1.0261887000e+01
1.0171514000e+01
1.0080426000e+01
9.9886159000e+00
9.8908499000e+00
9.7822050000e+00
9.7236592000e+00
9.6684579000e+00
9.5550958000e+00
9.4421061000e+00
9.3294697000e+00
9.2171798000e+00
9.1052293000e+00
8.9936088000e+00
8.9369543000e+00
8.8822964000e+00
8.7712841000e+00
8.6605775000e+00
8.5501688000e+00
8.4400507000e+00
8.3302160000e+00
8.2206580000e+00
8.1438105000e+00
8.1113634000e+00
8.0023173000e+00
7.8935299000e+00
7.7849953000e+00
7.6767081000e+00
7.5686628000e+00
7.4608541000e+00
7.3532772000e+00
7.3422308000e+00
7.2459092000e+00
7.1387622000e+00
7.0318335000e+00
6.9251191000e+00
6.8186147000e+00
6.7123162000e+00
6.6062199000e+00
6.5305997000e+00
6.5003166000e+00
6.3945951000e+00
6.2890652000e+00
6.1837236000e+00
6.0785668000e+00
5.9735916000e+00
5.8687949000e+00
5.7641736000e+00
5.7074808000e+00
5.6597168000e+00
5.5554206000e+00
5.4512912000e+00
5.3473260000e+00
5.2435219000e+00
5.1398764000e+00
5.0363866000e+00
4.9330498000e+00
4.8716334000e+00
4.8298571000e+00
4.7268029000e+00
4.6238940000e+00
4.5211279000e+00
4.4185016000e+00
4.3160125000e+00
4.2136579000e+00
4.1114348000e+00
4.0218217000e+00
4.0093389000e+00
3.9073564000e+00
3.8054973000e+00
3.7037584000e+00
3.6021368000e+00
3.5006292000e+00
3.3992324000e+00
3.2979429000e+00
3.1967572000e+00
3.1566305000e+00
3.0956643000e+00
2.9946635000e+00
2.8937560000e+00
2.7929379000e+00
2.6922050000e+00
2.5915531000e+00
2.4909780000e+00
2.3904753000e+00
2.2900404000e+00
2.2740154000e+00
2.1896607000e+00
2.0893387000e+00
1.9890712000e+00
1.8888531000e+00
1.7886798000e+00
1.6885461000e+00
1.5884472000e+00
1.4883782000e+00
1.3883340000e+00
1.3710545000e+00
1.2883054000e+00
1.1882918000e+00
1.0882898000e+00
9.8829388000e-01
8.8830217000e-01
7.8830254000e-01
6.8831301000e-01
5.8826421000e-01
4.8834242000e-01
4.4384639000e-01
3.8799064000e-01
2.8884591000e-01
1.8641197000e-01
9.6587391000e-02
0.0000000000e+00
)