766
(
(7.5034516000e+01 1.0249420000e-01 0.0000000000e+00)
(7.5034780000e+01 1.0261772000e-01 0.0000000000e+00)
(7.5035137000e+01 1.0278318000e-01 0.0000000000e+00)
(7.5035495000e+01 1.0294688000e-01 0.0000000000e+00)
(7.5035854000e+01 1.0310880000e-01 0.0000000000e+00)
(7.5036214000e+01 1.0326895000e-01 0.0000000000e+00)
(7.5036371000e+01 1.0333816000e-01 0.0000000000e+00)
(7.5036574000e+01 1.0342792000e-01 0.0000000000e+00)
(7.5036934000e+01 1.0358556000e-01 0.0000000000e+00)
(7.5037295000e+01 1.0374143000e-01 0.0000000000e+00)
(7.5037657000e+01 1.0389553000e-01 0.0000000000e+00)
(7.5038019000e+01 1.0404787000e-01 0.0000000000e+00)
(7.5038382000e+01 1.0419846000e-01 0.0000000000e+00)
(7.5038745000e+01 1.0434729000e-01 0.0000000000e+00)
(7.5039109000e+01 1.0449437000e-01 0.0000000000e+00)
(7.5039474000e+01 1.0463970000e-01 0.0000000000e+00)
(7.5039838000e+01 1.0478329000e-01 0.0000000000e+00)
(7.5040204000e+01 1.0492514000e-01 0.0000000000e+00)
(7.5040570000e+01 1.0506525000e-01 0.0000000000e+00)
(7.5040936000e+01 1.0520364000e-01 0.0000000000e+00)
(7.5041302000e+01 1.0534031000e-01 0.0000000000e+00)
(7.5041669000e+01 1.0547526000e-01 0.0000000000e+00)
(7.5042037000e+01 1.0560849000e-01 0.0000000000e+00)
(7.5042405000e+01 1.0574002000e-01 0.0000000000e+00)
(7.5042773000e+01 1.0586985000e-01 0.0000000000e+00)
(7.5043142000e+01 1.0599799000e-01 0.0000000000e+00)
(7.5043510000e+01 1.0612444000e-01 0.0000000000e+00)
(7.5043879000e+01 1.0624921000e-01 0.0000000000e+00)
(7.5044249000e+01 1.0637231000e-01 0.0000000000e+00)
(7.5044618000e+01 1.0649374000e-01 0.0000000000e+00)
(7.5044988000e+01 1.0661351000e-01 0.0000000000e+00)
(7.5045359000e+01 1.0673163000e-01 0.0000000000e+00)
(7.5045729000e+01 1.0684810000e-01 0.0000000000e+00)
(7.5046100000e+01 1.0696294000e-01 0.0000000000e+00)
(7.5046470000e+01 1.0707615000e-01 0.0000000000e+00)
(7.5046841000e+01 1.0718774000e-01 0.0000000000e+00)
(7.5047213000e+01 1.0729771000e-01 0.0000000000e+00)
(7.5047584000e+01 1.0740607000e-01 0.0000000000e+00)
(7.5047956000e+01 1.0751284000e-01 0.0000000000e+00)
(7.5048327000e+01 1.0761802000e-01 0.0000000000e+00)
(7.5048699000e+01 1.0772162000e-01 0.0000000000e+00)
(7.5049071000e+01 1.0782365000e-01 0.0000000000e+00)
(7.5049443000e+01 1.0792411000e-01 0.0000000000e+00)
(7.5049815000e+01 1.0802302000e-01 0.0000000000e+00)
(7.5050188000e+01 1.0812039000e-01 0.0000000000e+00)
(7.5050560000e+01 1.0821621000e-01 0.0000000000e+00)
(7.5050932000e+01 1.0831051000e-01 0.0000000000e+00)
(7.5051305000e+01 1.0840329000e-01 0.0000000000e+00)
(7.5051677000e+01 1.0849456000e-01 0.0000000000e+00)
(7.5052001000e+01 1.0857261000e-01 0.0000000000e+00)
(7.5052049000e+01 1.0858444000e-01 0.0000000000e+00)
(7.5052422000e+01 1.0867353000e-01 0.0000000000e+00)
(7.5052795000e+01 1.0876112000e-01 0.0000000000e+00)
(7.5053167000e+01 1.0884723000e-01 0.0000000000e+00)
(7.5053539000e+01 1.0893186000e-01 0.0000000000e+00)
(7.5053912000e+01 1.0901503000e-01 0.0000000000e+00)
(7.5054285000e+01 1.0909673000e-01 0.0000000000e+00)
(7.5054657000e+01 1.0917699000e-01 0.0000000000e+00)
(7.5055029000e+01 1.0925581000e-01 0.0000000000e+00)
(7.5055402000e+01 1.0933320000e-01 0.0000000000e+00)
(7.5055774000e+01 1.0940916000e-01 0.0000000000e+00)
(7.5056146000e+01 1.0948372000e-01 0.0000000000e+00)
(7.5056518000e+01 1.0955688000e-01 0.0000000000e+00)
(7.5056891000e+01 1.0962865000e-01 0.0000000000e+00)
(7.5057263000e+01 1.0969903000e-01 0.0000000000e+00)
(7.5057635000e+01 1.0976804000e-01 0.0000000000e+00)
(7.5058006000e+01 1.0983570000e-01 0.0000000000e+00)
(7.5058378000e+01 1.0990200000e-01 0.0000000000e+00)
(7.5058750000e+01 1.0996695000e-01 0.0000000000e+00)
(7.5059121000e+01 1.1003058000e-01 0.0000000000e+00)
(7.5059492000e+01 1.1009288000e-01 0.0000000000e+00)
(7.5059863000e+01 1.1015387000e-01 0.0000000000e+00)
(7.5060234000e+01 1.1021356000e-01 0.0000000000e+00)
(7.5060605000e+01 1.1027196000e-01 0.0000000000e+00)
(7.5060976000e+01 1.1032907000e-01 0.0000000000e+00)
(7.5061346000e+01 1.1038491000e-01 0.0000000000e+00)
(7.5061717000e+01 1.1043948000e-01 0.0000000000e+00)
(7.5062087000e+01 1.1049280000e-01 0.0000000000e+00)
(7.5062457000e+01 1.1054488000e-01 0.0000000000e+00)
(7.5062827000e+01 1.1059572000e-01 0.0000000000e+00)
(7.5063196000e+01 1.1064534000e-01 0.0000000000e+00)
(7.5063566000e+01 1.1069374000e-01 0.0000000000e+00)
(7.5063935000e+01 1.1074093000e-01 0.0000000000e+00)
(7.5064293000e+01 1.1078456000e-01 0.0000000000e+00)
(7.5064632000e+01 1.1082704000e-01 0.0000000000e+00)
(7.5064963000e+01 1.1086633000e-01 0.0000000000e+00)
(7.5065296000e+01 1.1090500000e-01 0.0000000000e+00)
(7.5065632000e+01 1.1094305000e-01 0.0000000000e+00)
(7.5065970000e+01 1.1098046000e-01 0.0000000000e+00)
(7.5066311000e+01 1.1101721000e-01 0.0000000000e+00)
(7.5066655000e+01 1.1105329000e-01 0.0000000000e+00)
(7.5066695000e+01 1.1105734000e-01 0.0000000000e+00)
(7.5067002000e+01 1.1108917000e-01 0.0000000000e+00)
(7.5067352000e+01 1.1112440000e-01 0.0000000000e+00)
(7.5067704000e+01 1.1115891000e-01 0.0000000000e+00)
(7.5068060000e+01 1.1119268000e-01 0.0000000000e+00)
(7.5068418000e+01 1.1122569000e-01 0.0000000000e+00)
(7.5068779000e+01 1.1125792000e-01 0.0000000000e+00)
(7.5069142000e+01 1.1128936000e-01 0.0000000000e+00)
(7.5069509000e+01 1.1131999000e-01 0.0000000000e+00)
(7.5069878000e+01 1.1134980000e-01 0.0000000000e+00)
(7.5070250000e+01 1.1137876000e-01 0.0000000000e+00)
(7.5070626000e+01 1.1140687000e-01 0.0000000000e+00)
(7.5071004000e+01 1.1143410000e-01 0.0000000000e+00)
(7.5071384000e+01 1.1146044000e-01 0.0000000000e+00)
(7.5071768000e+01 1.1148588000e-01 0.0000000000e+00)
(7.5072155000e+01 1.1151039000e-01 0.0000000000e+00)
(7.5072544000e+01 1.1153396000e-01 0.0000000000e+00)
(7.5072937000e+01 1.1155657000e-01 0.0000000000e+00)
(7.5073332000e+01 1.1157820000e-01 0.0000000000e+00)
(7.5073731000e+01 1.1159885000e-01 0.0000000000e+00)
(7.5074132000e+01 1.1161849000e-01 0.0000000000e+00)
(7.5074536000e+01 1.1163711000e-01 0.0000000000e+00)
(7.5074943000e+01 1.1165468000e-01 0.0000000000e+00)
(7.5075354000e+01 1.1167120000e-01 0.0000000000e+00)
(7.5075766000e+01 1.1168665000e-01 0.0000000000e+00)
(7.5076182000e+01 1.1170101000e-01 0.0000000000e+00)
(7.5076602000e+01 1.1171426000e-01 0.0000000000e+00)
(7.5077024000e+01 1.1172639000e-01 0.0000000000e+00)
(7.5077449000e+01 1.1173738000e-01 0.0000000000e+00)
(7.5077877000e+01 1.1174722000e-01 0.0000000000e+00)
(7.5078308000e+01 1.1175588000e-01 0.0000000000e+00)
(7.5078742000e+01 1.1176336000e-01 0.0000000000e+00)
(7.5079179000e+01 1.1176964000e-01 0.0000000000e+00)
(7.5079620000e+01 1.1177469000e-01 0.0000000000e+00)
(7.5080063000e+01 1.1177852000e-01 0.0000000000e+00)
(7.5080195000e+01 1.1177925000e-01 0.0000000000e+00)
(7.5080509000e+01 1.1178145000e-01 0.0000000000e+00)
(7.5080959000e+01 1.1178326000e-01 0.0000000000e+00)
(7.5081411000e+01 1.1178377000e-01 0.0000000000e+00)
(7.5081867000e+01 1.1178297000e-01 0.0000000000e+00)
(7.5082326000e+01 1.1178086000e-01 0.0000000000e+00)
(7.5082788000e+01 1.1177740000e-01 0.0000000000e+00)
(7.5083253000e+01 1.1177259000e-01 0.0000000000e+00)
(7.5083721000e+01 1.1176641000e-01 0.0000000000e+00)
(7.5084192000e+01 1.1175884000e-01 0.0000000000e+00)
(7.5084666000e+01 1.1174987000e-01 0.0000000000e+00)
(7.5085144000e+01 1.1173950000e-01 0.0000000000e+00)
(7.5085625000e+01 1.1172769000e-01 0.0000000000e+00)
(7.5086109000e+01 1.1171444000e-01 0.0000000000e+00)
(7.5086595000e+01 1.1169974000e-01 0.0000000000e+00)
(7.5087085000e+01 1.1168356000e-01 0.0000000000e+00)
(7.5087579000e+01 1.1166590000e-01 0.0000000000e+00)
(7.5088075000e+01 1.1164675000e-01 0.0000000000e+00)
(7.5088575000e+01 1.1162608000e-01 0.0000000000e+00)
(7.5089077000e+01 1.1160389000e-01 0.0000000000e+00)
(7.5089583000e+01 1.1158016000e-01 0.0000000000e+00)
(7.5090092000e+01 1.1155487000e-01 0.0000000000e+00)
(7.5090605000e+01 1.1152803000e-01 0.0000000000e+00)
(7.5091120000e+01 1.1149960000e-01 0.0000000000e+00)
(7.5091639000e+01 1.1146959000e-01 0.0000000000e+00)
(7.5092161000e+01 1.1143798000e-01 0.0000000000e+00)
(7.5092593000e+01 1.1141061000e-01 0.0000000000e+00)
(7.5092686000e+01 1.1140482000e-01 0.0000000000e+00)
(7.5093215000e+01 1.1137038000e-01 0.0000000000e+00)
(7.5093747000e+01 1.1133430000e-01 0.0000000000e+00)
(7.5094282000e+01 1.1129655000e-01 0.0000000000e+00)
(7.5094821000e+01 1.1125712000e-01 0.0000000000e+00)
(7.5095363000e+01 1.1121601000e-01 0.0000000000e+00)
(7.5095908000e+01 1.1117320000e-01 0.0000000000e+00)
(7.5096456000e+01 1.1112868000e-01 0.0000000000e+00)
(7.5097008000e+01 1.1108244000e-01 0.0000000000e+00)
(7.5097563000e+01 1.1103447000e-01 0.0000000000e+00)
(7.5098121000e+01 1.1098477000e-01 0.0000000000e+00)
(7.5098683000e+01 1.1093332000e-01 0.0000000000e+00)
(7.5099248000e+01 1.1088010000e-01 0.0000000000e+00)
(7.5099816000e+01 1.1082512000e-01 0.0000000000e+00)
(7.5100388000e+01 1.1076835000e-01 0.0000000000e+00)
(7.5100963000e+01 1.1070981000e-01 0.0000000000e+00)
(7.5101542000e+01 1.1064946000e-01 0.0000000000e+00)
(7.5102124000e+01 1.1058731000e-01 0.0000000000e+00)
(7.5102709000e+01 1.1052334000e-01 0.0000000000e+00)
(7.5103298000e+01 1.1045755000e-01 0.0000000000e+00)
(7.5103890000e+01 1.1038993000e-01 0.0000000000e+00)
(7.5104080000e+01 1.1036779000e-01 0.0000000000e+00)
(7.5104486000e+01 1.1032070000e-01 0.0000000000e+00)
(7.5105086000e+01 1.1024972000e-01 0.0000000000e+00)
(7.5105689000e+01 1.1017687000e-01 0.0000000000e+00)
(7.5106295000e+01 1.1010214000e-01 0.0000000000e+00)
(7.5106906000e+01 1.1002553000e-01 0.0000000000e+00)
(7.5107519000e+01 1.0994702000e-01 0.0000000000e+00)
(7.5108136000e+01 1.0986662000e-01 0.0000000000e+00)
(7.5108757000e+01 1.0978431000e-01 0.0000000000e+00)
(7.5109381000e+01 1.0970010000e-01 0.0000000000e+00)
(7.5110009000e+01 1.0961396000e-01 0.0000000000e+00)
(7.5110641000e+01 1.0952590000e-01 0.0000000000e+00)
(7.5111276000e+01 1.0943592000e-01 0.0000000000e+00)
(7.5111915000e+01 1.0934400000e-01 0.0000000000e+00)
(7.5112557000e+01 1.0925013000e-01 0.0000000000e+00)
(7.5113204000e+01 1.0915433000e-01 0.0000000000e+00)
(7.5113854000e+01 1.0905657000e-01 0.0000000000e+00)
(7.5114508000e+01 1.0895686000e-01 0.0000000000e+00)
(7.5114852000e+01 1.0890361000e-01 0.0000000000e+00)
(7.5115166000e+01 1.0885531000e-01 0.0000000000e+00)
(7.5115827000e+01 1.0875192000e-01 0.0000000000e+00)
(7.5116492000e+01 1.0864654000e-01 0.0000000000e+00)
(7.5117162000e+01 1.0853918000e-01 0.0000000000e+00)
(7.5117835000e+01 1.0842983000e-01 0.0000000000e+00)
(7.5118512000e+01 1.0831849000e-01 0.0000000000e+00)
(7.5119193000e+01 1.0820514000e-01 0.0000000000e+00)
(7.5119878000e+01 1.0808979000e-01 0.0000000000e+00)
(7.5120567000e+01 1.0797243000e-01 0.0000000000e+00)
(7.5121260000e+01 1.0785307000e-01 0.0000000000e+00)
(7.5121957000e+01 1.0773169000e-01 0.0000000000e+00)
(7.5122658000e+01 1.0760830000e-01 0.0000000000e+00)
(7.5123363000e+01 1.0748289000e-01 0.0000000000e+00)
(7.5124072000e+01 1.0735546000e-01 0.0000000000e+00)
(7.5124786000e+01 1.0722600000e-01 0.0000000000e+00)
(7.5125078000e+01 1.0717240000e-01 0.0000000000e+00)
(7.5125503000e+01 1.0709464000e-01 0.0000000000e+00)
(7.5126226000e+01 1.0696133000e-01 0.0000000000e+00)
(7.5126952000e+01 1.0682597000e-01 0.0000000000e+00)
(7.5127683000e+01 1.0668856000e-01 0.0000000000e+00)
(7.5128418000e+01 1.0654911000e-01 0.0000000000e+00)
(7.5129157000e+01 1.0640762000e-01 0.0000000000e+00)
(7.5129901000e+01 1.0626408000e-01 0.0000000000e+00)
(7.5130649000e+01 1.0611849000e-01 0.0000000000e+00)
(7.5131402000e+01 1.0597085000e-01 0.0000000000e+00)
(7.5132160000e+01 1.0582116000e-01 0.0000000000e+00)
(7.5132922000e+01 1.0566942000e-01 0.0000000000e+00)
(7.5133688000e+01 1.0551563000e-01 0.0000000000e+00)
(7.5134459000e+01 1.0535979000e-01 0.0000000000e+00)
(7.5134899000e+01 1.0527028000e-01 0.0000000000e+00)
(7.5135235000e+01 1.0520195000e-01 0.0000000000e+00)
(7.5136016000e+01 1.0504215000e-01 0.0000000000e+00)
(7.5136802000e+01 1.0488027000e-01 0.0000000000e+00)
(7.5137593000e+01 1.0471633000e-01 0.0000000000e+00)
(7.5138388000e+01 1.0455034000e-01 0.0000000000e+00)
(7.5139188000e+01 1.0438228000e-01 0.0000000000e+00)
(7.5139994000e+01 1.0421216000e-01 0.0000000000e+00)
(7.5140804000e+01 1.0403997000e-01 0.0000000000e+00)
(7.5141620000e+01 1.0386573000e-01 0.0000000000e+00)
(7.5142440000e+01 1.0368944000e-01 0.0000000000e+00)
(7.5143266000e+01 1.0351108000e-01 0.0000000000e+00)
(7.5144097000e+01 1.0333067000e-01 0.0000000000e+00)
(7.5144426000e+01 1.0325877000e-01 0.0000000000e+00)
(7.5144934000e+01 1.0314827000e-01 0.0000000000e+00)
(7.5145776000e+01 1.0296385000e-01 0.0000000000e+00)
(7.5146624000e+01 1.0277737000e-01 0.0000000000e+00)
(7.5147477000e+01 1.0258883000e-01 0.0000000000e+00)
(7.5148336000e+01 1.0239823000e-01 0.0000000000e+00)
(7.5149200000e+01 1.0220558000e-01 0.0000000000e+00)
(7.5150070000e+01 1.0201088000e-01 0.0000000000e+00)
(7.5150945000e+01 1.0181413000e-01 0.0000000000e+00)
(7.5151827000e+01 1.0161535000e-01 0.0000000000e+00)
(7.5152714000e+01 1.0141451000e-01 0.0000000000e+00)
(7.5153607000e+01 1.0121164000e-01 0.0000000000e+00)
(7.5153753000e+01 1.0117840000e-01 0.0000000000e+00)
(7.5154507000e+01 1.0100679000e-01 0.0000000000e+00)
(7.5155413000e+01 1.0079991000e-01 0.0000000000e+00)
(7.5156325000e+01 1.0059100000e-01 0.0000000000e+00)
(7.5157242000e+01 1.0038005000e-01 0.0000000000e+00)
(7.5158167000e+01 1.0016707000e-01 0.0000000000e+00)
(7.5159097000e+01 9.9952073000e-02 0.0000000000e+00)
(7.5160035000e+01 9.9735056000e-02 0.0000000000e+00)
(7.5160978000e+01 9.9516027000e-02 0.0000000000e+00)
(7.5161928000e+01 9.9294989000e-02 0.0000000000e+00)
(7.5162885000e+01 9.9071950000e-02 0.0000000000e+00)
(7.5162951000e+01 9.9056675000e-02 0.0000000000e+00)
(7.5163849000e+01 9.8846943000e-02 0.0000000000e+00)
(7.5164820000e+01 9.8619939000e-02 0.0000000000e+00)
(7.5165798000e+01 9.8390941000e-02 0.0000000000e+00)
(7.5166783000e+01 9.8159958000e-02 0.0000000000e+00)
(7.5167775000e+01 9.7926994000e-02 0.0000000000e+00)
(7.5168774000e+01 9.7692057000e-02 0.0000000000e+00)
(7.5169780000e+01 9.7455155000e-02 0.0000000000e+00)
(7.5170794000e+01 9.7216294000e-02 0.0000000000e+00)
(7.5171815000e+01 9.6975483000e-02 0.0000000000e+00)
(7.5172079000e+01 9.6913019000e-02 0.0000000000e+00)
(7.5172844000e+01 9.6732733000e-02 0.0000000000e+00)
(7.5173880000e+01 9.6488044000e-02 0.0000000000e+00)
(7.5174925000e+01 9.6241421000e-02 0.0000000000e+00)
(7.5175977000e+01 9.5992875000e-02 0.0000000000e+00)
(7.5177037000e+01 9.5742414000e-02 0.0000000000e+00)
(7.5178105000e+01 9.5490047000e-02 0.0000000000e+00)
(7.5179250000e+01 9.5228923000e-02 0.0000000000e+00)
(7.5180503000e+01 9.4922833000e-02 0.0000000000e+00)
(7.5181183000e+01 9.4762110000e-02 0.0000000000e+00)
(7.5181825000e+01 9.4610868000e-02 0.0000000000e+00)
(7.5183142000e+01 9.4300248000e-02 0.0000000000e+00)
(7.5184454000e+01 9.3991003000e-02 0.0000000000e+00)
(7.5185761000e+01 9.3683149000e-02 0.0000000000e+00)
(7.5187064000e+01 9.3376703000e-02 0.0000000000e+00)
(7.5188362000e+01 9.3071679000e-02 0.0000000000e+00)
(7.5189655000e+01 9.2768092000e-02 0.0000000000e+00)
(7.5190312000e+01 9.2614178000e-02 0.0000000000e+00)
(7.5190945000e+01 9.2465934000e-02 0.0000000000e+00)
(7.5192232000e+01 9.2165211000e-02 0.0000000000e+00)
(7.5193514000e+01 9.1865953000e-02 0.0000000000e+00)
(7.5194792000e+01 9.1568172000e-02 0.0000000000e+00)
(7.5196067000e+01 9.1271879000e-02 0.0000000000e+00)
(7.5197337000e+01 9.0977081000e-02 0.0000000000e+00)
(7.5198604000e+01 9.0683790000e-02 0.0000000000e+00)
(7.5199492000e+01 9.0478535000e-02 0.0000000000e+00)
(7.5199868000e+01 9.0391994000e-02 0.0000000000e+00)
(7.5201129000e+01 9.0101677000e-02 0.0000000000e+00)
(7.5202387000e+01 8.9812885000e-02 0.0000000000e+00)
(7.5203641000e+01 8.9525625000e-02 0.0000000000e+00)
(7.5204892000e+01 8.9239905000e-02 0.0000000000e+00)
(7.5206140000e+01 8.8955733000e-02 0.0000000000e+00)
(7.5207385000e+01 8.8673116000e-02 0.0000000000e+00)
(7.5208626000e+01 8.8392060000e-02 0.0000000000e+00)
(7.5208753000e+01 8.8363268000e-02 0.0000000000e+00)
(7.5209866000e+01 8.8112507000e-02 0.0000000000e+00)
(7.5211103000e+01 8.7834517000e-02 0.0000000000e+00)
(7.5212337000e+01 8.7558106000e-02 0.0000000000e+00)
(7.5213568000e+01 8.7283281000e-02 0.0000000000e+00)
(7.5214797000e+01 8.7010049000e-02 0.0000000000e+00)
(7.5216023000e+01 8.6738417000e-02 0.0000000000e+00)
(7.5217245000e+01 8.6468393000e-02 0.0000000000e+00)
(7.5218117000e+01 8.6276661000e-02 0.0000000000e+00)
(7.5218466000e+01 8.6199960000e-02 0.0000000000e+00)
(7.5219686000e+01 8.5933088000e-02 0.0000000000e+00)
(7.5220903000e+01 8.5667845000e-02 0.0000000000e+00)
(7.5222117000e+01 8.5404238000e-02 0.0000000000e+00)
(7.5223329000e+01 8.5142278000e-02 0.0000000000e+00)
(7.5224539000e+01 8.4881974000e-02 0.0000000000e+00)
(7.5225746000e+01 8.4623336000e-02 0.0000000000e+00)
(7.5226950000e+01 8.4366374000e-02 0.0000000000e+00)
(7.5227603000e+01 8.4227743000e-02 0.0000000000e+00)
(7.5228154000e+01 8.4111053000e-02 0.0000000000e+00)
(7.5229356000e+01 8.3857373000e-02 0.0000000000e+00)
(7.5230556000e+01 8.3605398000e-02 0.0000000000e+00)
(7.5231753000e+01 8.3355143000e-02 0.0000000000e+00)
(7.5232949000e+01 8.3106619000e-02 0.0000000000e+00)
(7.5234142000e+01 8.2859841000e-02 0.0000000000e+00)
(7.5235333000e+01 8.2614822000e-02 0.0000000000e+00)
(7.5236523000e+01 8.2371577000e-02 0.0000000000e+00)
(7.5237229000e+01 8.2227799000e-02 0.0000000000e+00)
(7.5237711000e+01 8.2130074000e-02 0.0000000000e+00)
(7.5238899000e+01 8.1890304000e-02 0.0000000000e+00)
(7.5240084000e+01 8.1652351000e-02 0.0000000000e+00)
(7.5241267000e+01 8.1416234000e-02 0.0000000000e+00)
(7.5242449000e+01 8.1181971000e-02 0.0000000000e+00)
(7.5243629000e+01 8.0949579000e-02 0.0000000000e+00)
(7.5244807000e+01 8.0719079000e-02 0.0000000000e+00)
(7.5245983000e+01 8.0490489000e-02 0.0000000000e+00)
(7.5247014000e+01 8.0291515000e-02 0.0000000000e+00)
(7.5247158000e+01 8.0263815000e-02 0.0000000000e+00)
(7.5248333000e+01 8.0038967000e-02 0.0000000000e+00)
(7.5249506000e+01 7.9816088000e-02 0.0000000000e+00)
(7.5250678000e+01 7.9595199000e-02 0.0000000000e+00)
(7.5251849000e+01 7.9376322000e-02 0.0000000000e+00)
(7.5253018000e+01 7.9159480000e-02 0.0000000000e+00)
(7.5254185000e+01 7.8944695000e-02 0.0000000000e+00)
(7.5255351000e+01 7.8731990000e-02 0.0000000000e+00)
(7.5256515000e+01 7.8521388000e-02 0.0000000000e+00)
(7.5256977000e+01 7.8438580000e-02 0.0000000000e+00)
(7.5257680000e+01 7.8312808000e-02 0.0000000000e+00)
(7.5258845000e+01 7.8106303000e-02 0.0000000000e+00)
(7.5260008000e+01 7.7901960000e-02 0.0000000000e+00)
(7.5261169000e+01 7.7699801000e-02 0.0000000000e+00)
(7.5262330000e+01 7.7499844000e-02 0.0000000000e+00)
(7.5263490000e+01 7.7302111000e-02 0.0000000000e+00)
(7.5264649000e+01 7.7106617000e-02 0.0000000000e+00)
(7.5265806000e+01 7.6913381000e-02 0.0000000000e+00)
(7.5266963000e+01 7.6722416000e-02 0.0000000000e+00)
(7.5267147000e+01 7.6692270000e-02 0.0000000000e+00)
(7.5268121000e+01 7.6533571000e-02 0.0000000000e+00)
(7.5269279000e+01 7.6346987000e-02 0.0000000000e+00)
(7.5270436000e+01 7.6162703000e-02 0.0000000000e+00)
(7.5271592000e+01 7.5980729000e-02 0.0000000000e+00)
(7.5272748000e+01 7.5801068000e-02 0.0000000000e+00)
(7.5273903000e+01 7.5623725000e-02 0.0000000000e+00)
(7.5275058000e+01 7.5448699000e-02 0.0000000000e+00)
(7.5276212000e+01 7.5275989000e-02 0.0000000000e+00)
(7.5277366000e+01 7.5105591000e-02 0.0000000000e+00)
(7.5277565000e+01 7.5076537000e-02 0.0000000000e+00)
(7.5278522000e+01 7.4937318000e-02 0.0000000000e+00)
(7.5279678000e+01 7.4771303000e-02 0.0000000000e+00)
(7.5280834000e+01 7.4607573000e-02 0.0000000000e+00)
(7.5281991000e+01 7.4446115000e-02 0.0000000000e+00)
(7.5283147000e+01 7.4286917000e-02 0.0000000000e+00)
(7.5284302000e+01 7.4129964000e-02 0.0000000000e+00)
(7.5285459000e+01 7.3975240000e-02 0.0000000000e+00)
(7.5286614000e+01 7.3822731000e-02 0.0000000000e+00)
(7.5287773000e+01 7.3672414000e-02 0.0000000000e+00)
(7.5288281000e+01 7.3606723000e-02 0.0000000000e+00)
(7.5288921000e+01 7.3524168000e-02 0.0000000000e+00)
(7.5290112000e+01 7.3377958000e-02 0.0000000000e+00)
(7.5291173000e+01 7.3233957000e-02 0.0000000000e+00)
(7.5292550000e+01 7.3091993000e-02 0.0000000000e+00)
(7.5293408000e+01 7.2951320000e-02 0.0000000000e+00)
(7.5034516000e+01 1.0249420000e-01 0.0000000000e+00)
(7.5034780000e+01 1.0261772000e-01 0.0000000000e+00)
(7.5035137000e+01 1.0278318000e-01 0.0000000000e+00)
(7.5035495000e+01 1.0294688000e-01 0.0000000000e+00)
(7.5035854000e+01 1.0310880000e-01 0.0000000000e+00)
(7.5036214000e+01 1.0326895000e-01 0.0000000000e+00)
(7.5036371000e+01 1.0333816000e-01 0.0000000000e+00)
(7.5036574000e+01 1.0342792000e-01 0.0000000000e+00)
(7.5036934000e+01 1.0358556000e-01 0.0000000000e+00)
(7.5037295000e+01 1.0374143000e-01 0.0000000000e+00)
(7.5037657000e+01 1.0389553000e-01 0.0000000000e+00)
(7.5038019000e+01 1.0404787000e-01 0.0000000000e+00)
(7.5038382000e+01 1.0419846000e-01 0.0000000000e+00)
(7.5038745000e+01 1.0434729000e-01 0.0000000000e+00)
(7.5039109000e+01 1.0449437000e-01 0.0000000000e+00)
(7.5039474000e+01 1.0463970000e-01 0.0000000000e+00)
(7.5039838000e+01 1.0478329000e-01 0.0000000000e+00)
(7.5040204000e+01 1.0492514000e-01 0.0000000000e+00)
(7.5040570000e+01 1.0506525000e-01 0.0000000000e+00)
(7.5040936000e+01 1.0520364000e-01 0.0000000000e+00)
(7.5041302000e+01 1.0534031000e-01 0.0000000000e+00)
(7.5041669000e+01 1.0547526000e-01 0.0000000000e+00)
(7.5042037000e+01 1.0560849000e-01 0.0000000000e+00)
(7.5042405000e+01 1.0574002000e-01 0.0000000000e+00)
(7.5042773000e+01 1.0586985000e-01 0.0000000000e+00)
(7.5043142000e+01 1.0599799000e-01 0.0000000000e+00)
(7.5043510000e+01 1.0612444000e-01 0.0000000000e+00)
(7.5043879000e+01 1.0624921000e-01 0.0000000000e+00)
(7.5044249000e+01 1.0637231000e-01 0.0000000000e+00)
(7.5044618000e+01 1.0649374000e-01 0.0000000000e+00)
(7.5044988000e+01 1.0661351000e-01 0.0000000000e+00)
(7.5045359000e+01 1.0673163000e-01 0.0000000000e+00)
(7.5045729000e+01 1.0684810000e-01 0.0000000000e+00)
(7.5046100000e+01 1.0696294000e-01 0.0000000000e+00)
(7.5046470000e+01 1.0707615000e-01 0.0000000000e+00)
(7.5046841000e+01 1.0718774000e-01 0.0000000000e+00)
(7.5047213000e+01 1.0729771000e-01 0.0000000000e+00)
(7.5047584000e+01 1.0740607000e-01 0.0000000000e+00)
(7.5047956000e+01 1.0751284000e-01 0.0000000000e+00)
(7.5048327000e+01 1.0761802000e-01 0.0000000000e+00)
(7.5048699000e+01 1.0772162000e-01 0.0000000000e+00)
(7.5049071000e+01 1.0782365000e-01 0.0000000000e+00)
(7.5049443000e+01 1.0792411000e-01 0.0000000000e+00)
(7.5049815000e+01 1.0802302000e-01 0.0000000000e+00)
(7.5050188000e+01 1.0812039000e-01 0.0000000000e+00)
(7.5050560000e+01 1.0821621000e-01 0.0000000000e+00)
(7.5050932000e+01 1.0831051000e-01 0.0000000000e+00)
(7.5051305000e+01 1.0840329000e-01 0.0000000000e+00)
(7.5051677000e+01 1.0849456000e-01 0.0000000000e+00)
(7.5052001000e+01 1.0857261000e-01 0.0000000000e+00)
(7.5052049000e+01 1.0858444000e-01 0.0000000000e+00)
(7.5052422000e+01 1.0867353000e-01 0.0000000000e+00)
(7.5052795000e+01 1.0876112000e-01 0.0000000000e+00)
(7.5053167000e+01 1.0884723000e-01 0.0000000000e+00)
(7.5053539000e+01 1.0893186000e-01 0.0000000000e+00)
(7.5053912000e+01 1.0901503000e-01 0.0000000000e+00)
(7.5054285000e+01 1.0909673000e-01 0.0000000000e+00)
(7.5054657000e+01 1.0917699000e-01 0.0000000000e+00)
(7.5055029000e+01 1.0925581000e-01 0.0000000000e+00)
(7.5055402000e+01 1.0933320000e-01 0.0000000000e+00)
(7.5055774000e+01 1.0940916000e-01 0.0000000000e+00)
(7.5056146000e+01 1.0948372000e-01 0.0000000000e+00)
(7.5056518000e+01 1.0955688000e-01 0.0000000000e+00)
(7.5056891000e+01 1.0962865000e-01 0.0000000000e+00)
(7.5057263000e+01 1.0969903000e-01 0.0000000000e+00)
(7.5057635000e+01 1.0976804000e-01 0.0000000000e+00)
(7.5058006000e+01 1.0983570000e-01 0.0000000000e+00)
(7.5058378000e+01 1.0990200000e-01 0.0000000000e+00)
(7.5058750000e+01 1.0996695000e-01 0.0000000000e+00)
(7.5059121000e+01 1.1003058000e-01 0.0000000000e+00)
(7.5059492000e+01 1.1009288000e-01 0.0000000000e+00)
(7.5059863000e+01 1.1015387000e-01 0.0000000000e+00)
(7.5060234000e+01 1.1021356000e-01 0.0000000000e+00)
(7.5060605000e+01 1.1027196000e-01 0.0000000000e+00)
(7.5060976000e+01 1.1032907000e-01 0.0000000000e+00)
(7.5061346000e+01 1.1038491000e-01 0.0000000000e+00)
(7.5061717000e+01 1.1043948000e-01 0.0000000000e+00)
(7.5062087000e+01 1.1049280000e-01 0.0000000000e+00)
(7.5062457000e+01 1.1054488000e-01 0.0000000000e+00)
(7.5062827000e+01 1.1059572000e-01 0.0000000000e+00)
(7.5063196000e+01 1.1064534000e-01 0.0000000000e+00)
(7.5063566000e+01 1.1069374000e-01 0.0000000000e+00)
(7.5063935000e+01 1.1074093000e-01 0.0000000000e+00)
(7.5064293000e+01 1.1078456000e-01 0.0000000000e+00)
(7.5064632000e+01 1.1082704000e-01 0.0000000000e+00)
(7.5064963000e+01 1.1086633000e-01 0.0000000000e+00)
(7.5065296000e+01 1.1090500000e-01 0.0000000000e+00)
(7.5065632000e+01 1.1094305000e-01 0.0000000000e+00)
(7.5065970000e+01 1.1098046000e-01 0.0000000000e+00)
(7.5066311000e+01 1.1101721000e-01 0.0000000000e+00)
(7.5066655000e+01 1.1105329000e-01 0.0000000000e+00)
(7.5066695000e+01 1.1105734000e-01 0.0000000000e+00)
(7.5067002000e+01 1.1108917000e-01 0.0000000000e+00)
(7.5067352000e+01 1.1112440000e-01 0.0000000000e+00)
(7.5067704000e+01 1.1115891000e-01 0.0000000000e+00)
(7.5068060000e+01 1.1119268000e-01 0.0000000000e+00)
(7.5068418000e+01 1.1122569000e-01 0.0000000000e+00)
(7.5068779000e+01 1.1125792000e-01 0.0000000000e+00)
(7.5069142000e+01 1.1128936000e-01 0.0000000000e+00)
(7.5069509000e+01 1.1131999000e-01 0.0000000000e+00)
(7.5069878000e+01 1.1134980000e-01 0.0000000000e+00)
(7.5070250000e+01 1.1137876000e-01 0.0000000000e+00)
(7.5070626000e+01 1.1140687000e-01 0.0000000000e+00)
(7.5071004000e+01 1.1143410000e-01 0.0000000000e+00)
(7.5071384000e+01 1.1146044000e-01 0.0000000000e+00)
(7.5071768000e+01 1.1148588000e-01 0.0000000000e+00)
(7.5072155000e+01 1.1151039000e-01 0.0000000000e+00)
(7.5072544000e+01 1.1153396000e-01 0.0000000000e+00)
(7.5072937000e+01 1.1155657000e-01 0.0000000000e+00)
(7.5073332000e+01 1.1157820000e-01 0.0000000000e+00)
(7.5073731000e+01 1.1159885000e-01 0.0000000000e+00)
(7.5074132000e+01 1.1161849000e-01 0.0000000000e+00)
(7.5074536000e+01 1.1163711000e-01 0.0000000000e+00)
(7.5074943000e+01 1.1165468000e-01 0.0000000000e+00)
(7.5075354000e+01 1.1167120000e-01 0.0000000000e+00)
(7.5075766000e+01 1.1168665000e-01 0.0000000000e+00)
(7.5076182000e+01 1.1170101000e-01 0.0000000000e+00)
(7.5076602000e+01 1.1171426000e-01 0.0000000000e+00)
(7.5077024000e+01 1.1172639000e-01 0.0000000000e+00)
(7.5077449000e+01 1.1173738000e-01 0.0000000000e+00)
(7.5077877000e+01 1.1174722000e-01 0.0000000000e+00)
(7.5078308000e+01 1.1175588000e-01 0.0000000000e+00)
(7.5078742000e+01 1.1176336000e-01 0.0000000000e+00)
(7.5079179000e+01 1.1176964000e-01 0.0000000000e+00)
(7.5079620000e+01 1.1177469000e-01 0.0000000000e+00)
(7.5080063000e+01 1.1177852000e-01 0.0000000000e+00)
(7.5080195000e+01 1.1177925000e-01 0.0000000000e+00)
(7.5080509000e+01 1.1178145000e-01 0.0000000000e+00)
(7.5080959000e+01 1.1178326000e-01 0.0000000000e+00)
(7.5081411000e+01 1.1178377000e-01 0.0000000000e+00)
(7.5081867000e+01 1.1178297000e-01 0.0000000000e+00)
(7.5082326000e+01 1.1178086000e-01 0.0000000000e+00)
(7.5082788000e+01 1.1177740000e-01 0.0000000000e+00)
(7.5083253000e+01 1.1177259000e-01 0.0000000000e+00)
(7.5083721000e+01 1.1176641000e-01 0.0000000000e+00)
(7.5084192000e+01 1.1175884000e-01 0.0000000000e+00)
(7.5084666000e+01 1.1174987000e-01 0.0000000000e+00)
(7.5085144000e+01 1.1173950000e-01 0.0000000000e+00)
(7.5085625000e+01 1.1172769000e-01 0.0000000000e+00)
(7.5086109000e+01 1.1171444000e-01 0.0000000000e+00)
(7.5086595000e+01 1.1169974000e-01 0.0000000000e+00)
(7.5087085000e+01 1.1168356000e-01 0.0000000000e+00)
(7.5087579000e+01 1.1166590000e-01 0.0000000000e+00)
(7.5088075000e+01 1.1164675000e-01 0.0000000000e+00)
(7.5088575000e+01 1.1162608000e-01 0.0000000000e+00)
(7.5089077000e+01 1.1160389000e-01 0.0000000000e+00)
(7.5089583000e+01 1.1158016000e-01 0.0000000000e+00)
(7.5090092000e+01 1.1155487000e-01 0.0000000000e+00)
(7.5090605000e+01 1.1152803000e-01 0.0000000000e+00)
(7.5091120000e+01 1.1149960000e-01 0.0000000000e+00)
(7.5091639000e+01 1.1146959000e-01 0.0000000000e+00)
(7.5092161000e+01 1.1143798000e-01 0.0000000000e+00)
(7.5092593000e+01 1.1141061000e-01 0.0000000000e+00)
(7.5092686000e+01 1.1140482000e-01 0.0000000000e+00)
(7.5093215000e+01 1.1137038000e-01 0.0000000000e+00)
(7.5093747000e+01 1.1133430000e-01 0.0000000000e+00)
(7.5094282000e+01 1.1129655000e-01 0.0000000000e+00)
(7.5094821000e+01 1.1125712000e-01 0.0000000000e+00)
(7.5095363000e+01 1.1121601000e-01 0.0000000000e+00)
(7.5095908000e+01 1.1117320000e-01 0.0000000000e+00)
(7.5096456000e+01 1.1112868000e-01 0.0000000000e+00)
(7.5097008000e+01 1.1108244000e-01 0.0000000000e+00)
(7.5097563000e+01 1.1103447000e-01 0.0000000000e+00)
(7.5098121000e+01 1.1098477000e-01 0.0000000000e+00)
(7.5098683000e+01 1.1093332000e-01 0.0000000000e+00)
(7.5099248000e+01 1.1088010000e-01 0.0000000000e+00)
(7.5099816000e+01 1.1082512000e-01 0.0000000000e+00)
(7.5100388000e+01 1.1076835000e-01 0.0000000000e+00)
(7.5100963000e+01 1.1070981000e-01 0.0000000000e+00)
(7.5101542000e+01 1.1064946000e-01 0.0000000000e+00)
(7.5102124000e+01 1.1058731000e-01 0.0000000000e+00)
(7.5102709000e+01 1.1052334000e-01 0.0000000000e+00)
(7.5103298000e+01 1.1045755000e-01 0.0000000000e+00)
(7.5103890000e+01 1.1038993000e-01 0.0000000000e+00)
(7.5104080000e+01 1.1036779000e-01 0.0000000000e+00)
(7.5104486000e+01 1.1032070000e-01 0.0000000000e+00)
(7.5105086000e+01 1.1024972000e-01 0.0000000000e+00)
(7.5105689000e+01 1.1017687000e-01 0.0000000000e+00)
(7.5106295000e+01 1.1010214000e-01 0.0000000000e+00)
(7.5106906000e+01 1.1002553000e-01 0.0000000000e+00)
(7.5107519000e+01 1.0994702000e-01 0.0000000000e+00)
(7.5108136000e+01 1.0986662000e-01 0.0000000000e+00)
(7.5108757000e+01 1.0978431000e-01 0.0000000000e+00)
(7.5109381000e+01 1.0970010000e-01 0.0000000000e+00)
(7.5110009000e+01 1.0961396000e-01 0.0000000000e+00)
(7.5110641000e+01 1.0952590000e-01 0.0000000000e+00)
(7.5111276000e+01 1.0943592000e-01 0.0000000000e+00)
(7.5111915000e+01 1.0934400000e-01 0.0000000000e+00)
(7.5112557000e+01 1.0925013000e-01 0.0000000000e+00)
(7.5113204000e+01 1.0915433000e-01 0.0000000000e+00)
(7.5113854000e+01 1.0905657000e-01 0.0000000000e+00)
(7.5114508000e+01 1.0895686000e-01 0.0000000000e+00)
(7.5114852000e+01 1.0890361000e-01 0.0000000000e+00)
(7.5115166000e+01 1.0885531000e-01 0.0000000000e+00)
(7.5115827000e+01 1.0875192000e-01 0.0000000000e+00)
(7.5116492000e+01 1.0864654000e-01 0.0000000000e+00)
(7.5117162000e+01 1.0853918000e-01 0.0000000000e+00)
(7.5117835000e+01 1.0842983000e-01 0.0000000000e+00)
(7.5118512000e+01 1.0831849000e-01 0.0000000000e+00)
(7.5119193000e+01 1.0820514000e-01 0.0000000000e+00)
(7.5119878000e+01 1.0808979000e-01 0.0000000000e+00)
(7.5120567000e+01 1.0797243000e-01 0.0000000000e+00)
(7.5121260000e+01 1.0785307000e-01 0.0000000000e+00)
(7.5121957000e+01 1.0773169000e-01 0.0000000000e+00)
(7.5122658000e+01 1.0760830000e-01 0.0000000000e+00)
(7.5123363000e+01 1.0748289000e-01 0.0000000000e+00)
(7.5124072000e+01 1.0735546000e-01 0.0000000000e+00)
(7.5124786000e+01 1.0722600000e-01 0.0000000000e+00)
(7.5125078000e+01 1.0717240000e-01 0.0000000000e+00)
(7.5125503000e+01 1.0709464000e-01 0.0000000000e+00)
(7.5126226000e+01 1.0696133000e-01 0.0000000000e+00)
(7.5126952000e+01 1.0682597000e-01 0.0000000000e+00)
(7.5127683000e+01 1.0668856000e-01 0.0000000000e+00)
(7.5128418000e+01 1.0654911000e-01 0.0000000000e+00)
(7.5129157000e+01 1.0640762000e-01 0.0000000000e+00)
(7.5129901000e+01 1.0626408000e-01 0.0000000000e+00)
(7.5130649000e+01 1.0611849000e-01 0.0000000000e+00)
(7.5131402000e+01 1.0597085000e-01 0.0000000000e+00)
(7.5132160000e+01 1.0582116000e-01 0.0000000000e+00)
(7.5132922000e+01 1.0566942000e-01 0.0000000000e+00)
(7.5133688000e+01 1.0551563000e-01 0.0000000000e+00)
(7.5134459000e+01 1.0535979000e-01 0.0000000000e+00)
(7.5134899000e+01 1.0527028000e-01 0.0000000000e+00)
(7.5135235000e+01 1.0520195000e-01 0.0000000000e+00)
(7.5136016000e+01 1.0504215000e-01 0.0000000000e+00)
(7.5136802000e+01 1.0488027000e-01 0.0000000000e+00)
(7.5137593000e+01 1.0471633000e-01 0.0000000000e+00)
(7.5138388000e+01 1.0455034000e-01 0.0000000000e+00)
(7.5139188000e+01 1.0438228000e-01 0.0000000000e+00)
(7.5139994000e+01 1.0421216000e-01 0.0000000000e+00)
(7.5140804000e+01 1.0403997000e-01 0.0000000000e+00)
(7.5141620000e+01 1.0386573000e-01 0.0000000000e+00)
(7.5142440000e+01 1.0368944000e-01 0.0000000000e+00)
(7.5143266000e+01 1.0351108000e-01 0.0000000000e+00)
(7.5144097000e+01 1.0333067000e-01 0.0000000000e+00)
(7.5144426000e+01 1.0325877000e-01 0.0000000000e+00)
(7.5144934000e+01 1.0314827000e-01 0.0000000000e+00)
(7.5145776000e+01 1.0296385000e-01 0.0000000000e+00)
(7.5146624000e+01 1.0277737000e-01 0.0000000000e+00)
(7.5147477000e+01 1.0258883000e-01 0.0000000000e+00)
(7.5148336000e+01 1.0239823000e-01 0.0000000000e+00)
(7.5149200000e+01 1.0220558000e-01 0.0000000000e+00)
(7.5150070000e+01 1.0201088000e-01 0.0000000000e+00)
(7.5150945000e+01 1.0181413000e-01 0.0000000000e+00)
(7.5151827000e+01 1.0161535000e-01 0.0000000000e+00)
(7.5152714000e+01 1.0141451000e-01 0.0000000000e+00)
(7.5153607000e+01 1.0121164000e-01 0.0000000000e+00)
(7.5153753000e+01 1.0117840000e-01 0.0000000000e+00)
(7.5154507000e+01 1.0100679000e-01 0.0000000000e+00)
(7.5155413000e+01 1.0079991000e-01 0.0000000000e+00)
(7.5156325000e+01 1.0059100000e-01 0.0000000000e+00)
(7.5157242000e+01 1.0038005000e-01 0.0000000000e+00)
(7.5158167000e+01 1.0016707000e-01 0.0000000000e+00)
(7.5159097000e+01 9.9952073000e-02 0.0000000000e+00)
(7.5160035000e+01 9.9735056000e-02 0.0000000000e+00)
(7.5160978000e+01 9.9516027000e-02 0.0000000000e+00)
(7.5161928000e+01 9.9294989000e-02 0.0000000000e+00)
(7.5162885000e+01 9.9071950000e-02 0.0000000000e+00)
(7.5162951000e+01 9.9056675000e-02 0.0000000000e+00)
(7.5163849000e+01 9.8846943000e-02 0.0000000000e+00)
(7.5164820000e+01 9.8619939000e-02 0.0000000000e+00)
(7.5165798000e+01 9.8390941000e-02 0.0000000000e+00)
(7.5166783000e+01 9.8159958000e-02 0.0000000000e+00)
(7.5167775000e+01 9.7926994000e-02 0.0000000000e+00)
(7.5168774000e+01 9.7692057000e-02 0.0000000000e+00)
(7.5169780000e+01 9.7455155000e-02 0.0000000000e+00)
(7.5170794000e+01 9.7216294000e-02 0.0000000000e+00)
(7.5171815000e+01 9.6975483000e-02 0.0000000000e+00)
(7.5172079000e+01 9.6913019000e-02 0.0000000000e+00)
(7.5172844000e+01 9.6732733000e-02 0.0000000000e+00)
(7.5173880000e+01 9.6488044000e-02 0.0000000000e+00)
(7.5174925000e+01 9.6241421000e-02 0.0000000000e+00)
(7.5175977000e+01 9.5992875000e-02 0.0000000000e+00)
(7.5177037000e+01 9.5742414000e-02 0.0000000000e+00)
(7.5178105000e+01 9.5490047000e-02 0.0000000000e+00)
(7.5179250000e+01 9.5228923000e-02 0.0000000000e+00)
(7.5180503000e+01 9.4922833000e-02 0.0000000000e+00)
(7.5181183000e+01 9.4762110000e-02 0.0000000000e+00)
(7.5181825000e+01 9.4610868000e-02 0.0000000000e+00)
(7.5183142000e+01 9.4300248000e-02 0.0000000000e+00)
(7.5184454000e+01 9.3991003000e-02 0.0000000000e+00)
(7.5185761000e+01 9.3683149000e-02 0.0000000000e+00)
(7.5187064000e+01 9.3376703000e-02 0.0000000000e+00)
(7.5188362000e+01 9.3071679000e-02 0.0000000000e+00)
(7.5189655000e+01 9.2768092000e-02 0.0000000000e+00)
(7.5190312000e+01 9.2614178000e-02 0.0000000000e+00)
(7.5190945000e+01 9.2465934000e-02 0.0000000000e+00)
(7.5192232000e+01 9.2165211000e-02 0.0000000000e+00)
(7.5193514000e+01 9.1865953000e-02 0.0000000000e+00)
(7.5194792000e+01 9.1568172000e-02 0.0000000000e+00)
(7.5196067000e+01 9.1271879000e-02 0.0000000000e+00)
(7.5197337000e+01 9.0977081000e-02 0.0000000000e+00)
(7.5198604000e+01 9.0683790000e-02 0.0000000000e+00)
(7.5199492000e+01 9.0478535000e-02 0.0000000000e+00)
(7.5199868000e+01 9.0391994000e-02 0.0000000000e+00)
(7.5201129000e+01 9.0101677000e-02 0.0000000000e+00)
(7.5202387000e+01 8.9812885000e-02 0.0000000000e+00)
(7.5203641000e+01 8.9525625000e-02 0.0000000000e+00)
(7.5204892000e+01 8.9239905000e-02 0.0000000000e+00)
(7.5206140000e+01 8.8955733000e-02 0.0000000000e+00)
(7.5207385000e+01 8.8673116000e-02 0.0000000000e+00)
(7.5208626000e+01 8.8392060000e-02 0.0000000000e+00)
(7.5208753000e+01 8.8363268000e-02 0.0000000000e+00)
(7.5209866000e+01 8.8112507000e-02 0.0000000000e+00)
(7.5211103000e+01 8.7834517000e-02 0.0000000000e+00)
(7.5212337000e+01 8.7558106000e-02 0.0000000000e+00)
(7.5213568000e+01 8.7283281000e-02 0.0000000000e+00)
(7.5214797000e+01 8.7010049000e-02 0.0000000000e+00)
(7.5216023000e+01 8.6738417000e-02 0.0000000000e+00)
(7.5217245000e+01 8.6468393000e-02 0.0000000000e+00)
(7.5218117000e+01 8.6276661000e-02 0.0000000000e+00)
(7.5218466000e+01 8.6199960000e-02 0.0000000000e+00)
(7.5219686000e+01 8.5933088000e-02 0.0000000000e+00)
(7.5220903000e+01 8.5667845000e-02 0.0000000000e+00)
(7.5222117000e+01 8.5404238000e-02 0.0000000000e+00)
(7.5223329000e+01 8.5142278000e-02 0.0000000000e+00)
(7.5224539000e+01 8.4881974000e-02 0.0000000000e+00)
(7.5225746000e+01 8.4623336000e-02 0.0000000000e+00)
(7.5226950000e+01 8.4366374000e-02 0.0000000000e+00)
(7.5227603000e+01 8.4227743000e-02 0.0000000000e+00)
(7.5228154000e+01 8.4111053000e-02 0.0000000000e+00)
(7.5229356000e+01 8.3857373000e-02 0.0000000000e+00)
(7.5230556000e+01 8.3605398000e-02 0.0000000000e+00)
(7.5231753000e+01 8.3355143000e-02 0.0000000000e+00)
(7.5232949000e+01 8.3106619000e-02 0.0000000000e+00)
(7.5234142000e+01 8.2859841000e-02 0.0000000000e+00)
(7.5235333000e+01 8.2614822000e-02 0.0000000000e+00)
(7.5236523000e+01 8.2371577000e-02 0.0000000000e+00)
(7.5237229000e+01 8.2227799000e-02 0.0000000000e+00)
(7.5237711000e+01 8.2130074000e-02 0.0000000000e+00)
(7.5238899000e+01 8.1890304000e-02 0.0000000000e+00)
(7.5240084000e+01 8.1652351000e-02 0.0000000000e+00)
(7.5241267000e+01 8.1416234000e-02 0.0000000000e+00)
(7.5242449000e+01 8.1181971000e-02 0.0000000000e+00)
(7.5243629000e+01 8.0949579000e-02 0.0000000000e+00)
(7.5244807000e+01 8.0719079000e-02 0.0000000000e+00)
(7.5245983000e+01 8.0490489000e-02 0.0000000000e+00)
(7.5247014000e+01 8.0291515000e-02 0.0000000000e+00)
(7.5247158000e+01 8.0263815000e-02 0.0000000000e+00)
(7.5248333000e+01 8.0038967000e-02 0.0000000000e+00)
(7.5249506000e+01 7.9816088000e-02 0.0000000000e+00)
(7.5250678000e+01 7.9595199000e-02 0.0000000000e+00)
(7.5251849000e+01 7.9376322000e-02 0.0000000000e+00)
(7.5253018000e+01 7.9159480000e-02 0.0000000000e+00)
(7.5254185000e+01 7.8944695000e-02 0.0000000000e+00)
(7.5255351000e+01 7.8731990000e-02 0.0000000000e+00)
(7.5256515000e+01 7.8521388000e-02 0.0000000000e+00)
(7.5256977000e+01 7.8438580000e-02 0.0000000000e+00)
(7.5257680000e+01 7.8312808000e-02 0.0000000000e+00)
(7.5258845000e+01 7.8106303000e-02 0.0000000000e+00)
(7.5260008000e+01 7.7901960000e-02 0.0000000000e+00)
(7.5261169000e+01 7.7699801000e-02 0.0000000000e+00)
(7.5262330000e+01 7.7499844000e-02 0.0000000000e+00)
(7.5263490000e+01 7.7302111000e-02 0.0000000000e+00)
(7.5264649000e+01 7.7106617000e-02 0.0000000000e+00)
(7.5265806000e+01 7.6913381000e-02 0.0000000000e+00)
(7.5266963000e+01 7.6722416000e-02 0.0000000000e+00)
(7.5267147000e+01 7.6692270000e-02 0.0000000000e+00)
(7.5268121000e+01 7.6533571000e-02 0.0000000000e+00)
(7.5269279000e+01 7.6346987000e-02 0.0000000000e+00)
(7.5270436000e+01 7.6162703000e-02 0.0000000000e+00)
(7.5271592000e+01 7.5980729000e-02 0.0000000000e+00)
(7.5272748000e+01 7.5801068000e-02 0.0000000000e+00)
(7.5273903000e+01 7.5623725000e-02 0.0000000000e+00)
(7.5275058000e+01 7.5448699000e-02 0.0000000000e+00)
(7.5276212000e+01 7.5275989000e-02 0.0000000000e+00)
(7.5277366000e+01 7.5105591000e-02 0.0000000000e+00)
(7.5277565000e+01 7.5076537000e-02 0.0000000000e+00)
(7.5278522000e+01 7.4937318000e-02 0.0000000000e+00)
(7.5279678000e+01 7.4771303000e-02 0.0000000000e+00)
(7.5280834000e+01 7.4607573000e-02 0.0000000000e+00)
(7.5281991000e+01 7.4446115000e-02 0.0000000000e+00)
(7.5283147000e+01 7.4286917000e-02 0.0000000000e+00)
(7.5284302000e+01 7.4129964000e-02 0.0000000000e+00)
(7.5285459000e+01 7.3975240000e-02 0.0000000000e+00)
(7.5286614000e+01 7.3822731000e-02 0.0000000000e+00)
(7.5287773000e+01 7.3672414000e-02 0.0000000000e+00)
(7.5288281000e+01 7.3606723000e-02 0.0000000000e+00)
(7.5288921000e+01 7.3524168000e-02 0.0000000000e+00)
(7.5290112000e+01 7.3377958000e-02 0.0000000000e+00)
(7.5291173000e+01 7.3233957000e-02 0.0000000000e+00)
(7.5292550000e+01 7.3091993000e-02 0.0000000000e+00)
(7.5293408000e+01 7.2951320000e-02 0.0000000000e+00)
)