766
(
(1.0000000000e-01 2.0000000000e-01 0.0000000000e+00)
(1.0089090000e-01 2.0009378000e-01 0.0000000000e+00)
(1.0210043000e-01 2.0022110000e-01 0.0000000000e+00)
(1.0331282000e-01 2.0034872000e-01 0.0000000000e+00)
(1.0452807000e-01 2.0047664000e-01 0.0000000000e+00)
(1.0574618000e-01 2.0060486000e-01 0.0000000000e+00)
(1.0627963000e-01 2.0066101000e-01 0.0000000000e+00)
(1.0696717000e-01 2.0073339000e-01 0.0000000000e+00)
(1.0819105000e-01 2.0086222000e-01 0.0000000000e+00)
(1.0941781000e-01 2.0099135000e-01 0.0000000000e+00)
(1.1064747000e-01 2.0112079000e-01 0.0000000000e+00)
(1.1188003000e-01 2.0125053000e-01 0.0000000000e+00)
(1.1311550000e-01 2.0138058000e-01 0.0000000000e+00)
(1.1435388000e-01 2.0151093000e-01 0.0000000000e+00)
(1.1559519000e-01 2.0164160000e-01 0.0000000000e+00)
(1.1683943000e-01 2.0177257000e-01 0.0000000000e+00)
(1.1808660000e-01 2.0190385000e-01 0.0000000000e+00)
(1.1933672000e-01 2.0203544000e-01 0.0000000000e+00)
(1.2058978000e-01 2.0216735000e-01 0.0000000000e+00)
(1.2184581000e-01 2.0229956000e-01 0.0000000000e+00)
(1.2310480000e-01 2.0243208000e-01 0.0000000000e+00)
(1.2436676000e-01 2.0256492000e-01 0.0000000000e+00)
(1.2563170000e-01 2.0269807000e-01 0.0000000000e+00)
(1.2689962000e-01 2.0283154000e-01 0.0000000000e+00)
(1.2817054000e-01 2.0296532000e-01 0.0000000000e+00)
(1.2944446000e-01 2.0309942000e-01 0.0000000000e+00)
(1.3072138000e-01 2.0323383000e-01 0.0000000000e+00)
(1.3200132000e-01 2.0336856000e-01 0.0000000000e+00)
(1.3328427000e-01 2.0350361000e-01 0.0000000000e+00)
(1.3457026000e-01 2.0363897000e-01 0.0000000000e+00)
(1.3585928000e-01 2.0377466000e-01 0.0000000000e+00)
(1.3715134000e-01 2.0391067000e-01 0.0000000000e+00)
(1.3844646000e-01 2.0404700000e-01 0.0000000000e+00)
(1.3974463000e-01 2.0418364000e-01 0.0000000000e+00)
(1.4104586000e-01 2.0432062000e-01 0.0000000000e+00)
(1.4235016000e-01 2.0445791000e-01 0.0000000000e+00)
(1.4365755000e-01 2.0459553000e-01 0.0000000000e+00)
(1.4496801000e-01 2.0473348000e-01 0.0000000000e+00)
(1.4628157000e-01 2.0487174000e-01 0.0000000000e+00)
(1.4759824000e-01 2.0501034000e-01 0.0000000000e+00)
(1.4891800000e-01 2.0514926000e-01 0.0000000000e+00)
(1.5024089000e-01 2.0528851000e-01 0.0000000000e+00)
(1.5156689000e-01 2.0542809000e-01 0.0000000000e+00)
(1.5289603000e-01 2.0556800000e-01 0.0000000000e+00)
(1.5422830000e-01 2.0570824000e-01 0.0000000000e+00)
(1.5556372000e-01 2.0584881000e-01 0.0000000000e+00)
(1.5690229000e-01 2.0598971000e-01 0.0000000000e+00)
(1.5824401000e-01 2.0613095000e-01 0.0000000000e+00)
(1.5958891000e-01 2.0627252000e-01 0.0000000000e+00)
(1.6076108000e-01 2.0639590000e-01 0.0000000000e+00)
(1.6093698000e-01 2.0641442000e-01 0.0000000000e+00)
(1.6228823000e-01 2.0655666000e-01 0.0000000000e+00)
(1.6364266000e-01 2.0669923000e-01 0.0000000000e+00)
(1.6500030000e-01 2.0684214000e-01 0.0000000000e+00)
(1.6636114000e-01 2.0698538000e-01 0.0000000000e+00)
(1.6772519000e-01 2.0712897000e-01 0.0000000000e+00)
(1.6909246000e-01 2.0727289000e-01 0.0000000000e+00)
(1.7046296000e-01 2.0741715000e-01 0.0000000000e+00)
(1.7183669000e-01 2.0756176000e-01 0.0000000000e+00)
(1.7321367000e-01 2.0770670000e-01 0.0000000000e+00)
(1.7459389000e-01 2.0785199000e-01 0.0000000000e+00)
(1.7597737000e-01 2.0799762000e-01 0.0000000000e+00)
(1.7736412000e-01 2.0814359000e-01 0.0000000000e+00)
(1.7875414000e-01 2.0828991000e-01 0.0000000000e+00)
(1.8014744000e-01 2.0843657000e-01 0.0000000000e+00)
(1.8154403000e-01 2.0858358000e-01 0.0000000000e+00)
(1.8294392000e-01 2.0873094000e-01 0.0000000000e+00)
(1.8434711000e-01 2.0887864000e-01 0.0000000000e+00)
(1.8575361000e-01 2.0902670000e-01 0.0000000000e+00)
(1.8716343000e-01 2.0917510000e-01 0.0000000000e+00)
(1.8857657000e-01 2.0932385000e-01 0.0000000000e+00)
(1.8999306000e-01 2.0947295000e-01 0.0000000000e+00)
(1.9141288000e-01 2.0962241000e-01 0.0000000000e+00)
(1.9283606000e-01 2.0977222000e-01 0.0000000000e+00)
(1.9426260000e-01 2.0992238000e-01 0.0000000000e+00)
(1.9569250000e-01 2.1007289000e-01 0.0000000000e+00)
(1.9712578000e-01 2.1022377000e-01 0.0000000000e+00)
(1.9856244000e-01 2.1037499000e-01 0.0000000000e+00)
(2.0000249000e-01 2.1052658000e-01 0.0000000000e+00)
(2.0144594000e-01 2.1067852000e-01 0.0000000000e+00)
(2.0289280000e-01 2.1083082000e-01 0.0000000000e+00)
(2.0434307000e-01 2.1098348000e-01 0.0000000000e+00)
(2.0579676000e-01 2.1113650000e-01 0.0000000000e+00)
(2.0725389000e-01 2.1128988000e-01 0.0000000000e+00)
(2.0855150000e-01 2.1142647000e-01 0.0000000000e+00)
(2.0986323000e-01 2.1156455000e-01 0.0000000000e+00)
(2.1118921000e-01 2.1170413000e-01 0.0000000000e+00)
(2.1252960000e-01 2.1184522000e-01 0.0000000000e+00)
(2.1388456000e-01 2.1198785000e-01 0.0000000000e+00)
(2.1525425000e-01 2.1213203000e-01 0.0000000000e+00)
(2.1663882000e-01 2.1227777000e-01 0.0000000000e+00)
(2.1679946000e-01 2.1229468000e-01 0.0000000000e+00)
(2.1803845000e-01 2.1242510000e-01 0.0000000000e+00)
(2.1945328000e-01 2.1257403000e-01 0.0000000000e+00)
(2.2088350000e-01 2.1272458000e-01 0.0000000000e+00)
(2.2232926000e-01 2.1287676000e-01 0.0000000000e+00)
(2.2379074000e-01 2.1303060000e-01 0.0000000000e+00)
(2.2526810000e-01 2.1318612000e-01 0.0000000000e+00)
(2.2676152000e-01 2.1334332000e-01 0.0000000000e+00)
(2.2827117000e-01 2.1350223000e-01 0.0000000000e+00)
(2.2979723000e-01 2.1366287000e-01 0.0000000000e+00)
(2.3133988000e-01 2.1382525000e-01 0.0000000000e+00)
(2.3289929000e-01 2.1398940000e-01 0.0000000000e+00)
(2.3447566000e-01 2.1415533000e-01 0.0000000000e+00)
(2.3606915000e-01 2.1432307000e-01 0.0000000000e+00)
(2.3767997000e-01 2.1449263000e-01 0.0000000000e+00)
(2.3930830000e-01 2.1466403000e-01 0.0000000000e+00)
(2.4095432000e-01 2.1483730000e-01 0.0000000000e+00)
(2.4261824000e-01 2.1501245000e-01 0.0000000000e+00)
(2.4430024000e-01 2.1518950000e-01 0.0000000000e+00)
(2.4600053000e-01 2.1536848000e-01 0.0000000000e+00)
(2.4771929000e-01 2.1554940000e-01 0.0000000000e+00)
(2.4945674000e-01 2.1573229000e-01 0.0000000000e+00)
(2.5121307000e-01 2.1591717000e-01 0.0000000000e+00)
(2.5298849000e-01 2.1610405000e-01 0.0000000000e+00)
(2.5478321000e-01 2.1629297000e-01 0.0000000000e+00)
(2.5659744000e-01 2.1648394000e-01 0.0000000000e+00)
(2.5843138000e-01 2.1667699000e-01 0.0000000000e+00)
(2.6028526000e-01 2.1687213000e-01 0.0000000000e+00)
(2.6215929000e-01 2.1706940000e-01 0.0000000000e+00)
(2.6405369000e-01 2.1726881000e-01 0.0000000000e+00)
(2.6596868000e-01 2.1747039000e-01 0.0000000000e+00)
(2.6790448000e-01 2.1767416000e-01 0.0000000000e+00)
(2.6986133000e-01 2.1788014000e-01 0.0000000000e+00)
(2.7183944000e-01 2.1808836000e-01 0.0000000000e+00)
(2.7383906000e-01 2.1829885000e-01 0.0000000000e+00)
(2.7443925000e-01 2.1836203000e-01 0.0000000000e+00)
(2.7586041000e-01 2.1851162000e-01 0.0000000000e+00)
(2.7790373000e-01 2.1872671000e-01 0.0000000000e+00)
(2.7996926000e-01 2.1894413000e-01 0.0000000000e+00)
(2.8205724000e-01 2.1916392000e-01 0.0000000000e+00)
(2.8416791000e-01 2.1938610000e-01 0.0000000000e+00)
(2.8630153000e-01 2.1961069000e-01 0.0000000000e+00)
(2.8845833000e-01 2.1983772000e-01 0.0000000000e+00)
(2.9063858000e-01 2.2006722000e-01 0.0000000000e+00)
(2.9284253000e-01 2.2029921000e-01 0.0000000000e+00)
(2.9507043000e-01 2.2053373000e-01 0.0000000000e+00)
(2.9732255000e-01 2.2077079000e-01 0.0000000000e+00)
(2.9959915000e-01 2.2101044000e-01 0.0000000000e+00)
(3.0190049000e-01 2.2125268000e-01 0.0000000000e+00)
(3.0422685000e-01 2.2149756000e-01 0.0000000000e+00)
(3.0657849000e-01 2.2174510000e-01 0.0000000000e+00)
(3.0895569000e-01 2.2199534000e-01 0.0000000000e+00)
(3.1135873000e-01 2.2224829000e-01 0.0000000000e+00)
(3.1378789000e-01 2.2250399000e-01 0.0000000000e+00)
(3.1624346000e-01 2.2276247000e-01 0.0000000000e+00)
(3.1872571000e-01 2.2302376000e-01 0.0000000000e+00)
(3.2123494000e-01 2.2328789000e-01 0.0000000000e+00)
(3.2377145000e-01 2.2355489000e-01 0.0000000000e+00)
(3.2633553000e-01 2.2382479000e-01 0.0000000000e+00)
(3.2892748000e-01 2.2409763000e-01 0.0000000000e+00)
(3.3154759000e-01 2.2437343000e-01 0.0000000000e+00)
(3.3372624000e-01 2.2460276000e-01 0.0000000000e+00)
(3.3419619000e-01 2.2465223000e-01 0.0000000000e+00)
(3.3687358000e-01 2.2493406000e-01 0.0000000000e+00)
(3.3958007000e-01 2.2521895000e-01 0.0000000000e+00)
(3.4231597000e-01 2.2550694000e-01 0.0000000000e+00)
(3.4508161000e-01 2.2579806000e-01 0.0000000000e+00)
(3.4787732000e-01 2.2609235000e-01 0.0000000000e+00)
(3.5070341000e-01 2.2638983000e-01 0.0000000000e+00)
(3.5356021000e-01 2.2669055000e-01 0.0000000000e+00)
(3.5644807000e-01 2.2699453000e-01 0.0000000000e+00)
(3.5936732000e-01 2.2730182000e-01 0.0000000000e+00)
(3.6231830000e-01 2.2761245000e-01 0.0000000000e+00)
(3.6530135000e-01 2.2792646000e-01 0.0000000000e+00)
(3.6831683000e-01 2.2824388000e-01 0.0000000000e+00)
(3.7136508000e-01 2.2856475000e-01 0.0000000000e+00)
(3.7444647000e-01 2.2888910000e-01 0.0000000000e+00)
(3.7756134000e-01 2.2921698000e-01 0.0000000000e+00)
(3.8071008000e-01 2.2954843000e-01 0.0000000000e+00)
(3.8389303000e-01 2.2988348000e-01 0.0000000000e+00)
(3.8711059000e-01 2.3022217000e-01 0.0000000000e+00)
(3.9036312000e-01 2.3056454000e-01 0.0000000000e+00)
(3.9365099000e-01 2.3091063000e-01 0.0000000000e+00)
(3.9470748000e-01 2.3102184000e-01 0.0000000000e+00)
(3.9697461000e-01 2.3126049000e-01 0.0000000000e+00)
(4.0033435000e-01 2.3161414000e-01 0.0000000000e+00)
(4.0373061000e-01 2.3197164000e-01 0.0000000000e+00)
(4.0716378000e-01 2.3233303000e-01 0.0000000000e+00)
(4.1063427000e-01 2.3269834000e-01 0.0000000000e+00)
(4.1414249000e-01 2.3306763000e-01 0.0000000000e+00)
(4.1768883000e-01 2.3344093000e-01 0.0000000000e+00)
(4.2127372000e-01 2.3381829000e-01 0.0000000000e+00)
(4.2489757000e-01 2.3419974000e-01 0.0000000000e+00)
(4.2856082000e-01 2.3458535000e-01 0.0000000000e+00)
(4.3226388000e-01 2.3497514000e-01 0.0000000000e+00)
(4.3600719000e-01 2.3536918000e-01 0.0000000000e+00)
(4.3979118000e-01 2.3576749000e-01 0.0000000000e+00)
(4.4361631000e-01 2.3617014000e-01 0.0000000000e+00)
(4.4748301000e-01 2.3657716000e-01 0.0000000000e+00)
(4.5139174000e-01 2.3698860000e-01 0.0000000000e+00)
(4.5534295000e-01 2.3740452000e-01 0.0000000000e+00)
(4.5743139000e-01 2.3762436000e-01 0.0000000000e+00)
(4.5933712000e-01 2.3782496000e-01 0.0000000000e+00)
(4.6337469000e-01 2.3824997000e-01 0.0000000000e+00)
(4.6745615000e-01 2.3867960000e-01 0.0000000000e+00)
(4.7158198000e-01 2.3911389000e-01 0.0000000000e+00)
(4.7575264000e-01 2.3955291000e-01 0.0000000000e+00)
(4.7996864000e-01 2.3999670000e-01 0.0000000000e+00)
(4.8423047000e-01 2.4044531000e-01 0.0000000000e+00)
(4.8853862000e-01 2.4089880000e-01 0.0000000000e+00)
(4.9289359000e-01 2.4135722000e-01 0.0000000000e+00)
(4.9729590000e-01 2.4182062000e-01 0.0000000000e+00)
(5.0174606000e-01 2.4228906000e-01 0.0000000000e+00)
(5.0624459000e-01 2.4276259000e-01 0.0000000000e+00)
(5.1079201000e-01 2.4324126000e-01 0.0000000000e+00)
(5.1538886000e-01 2.4372514000e-01 0.0000000000e+00)
(5.2003568000e-01 2.4421428000e-01 0.0000000000e+00)
(5.2194778000e-01 2.4441556000e-01 0.0000000000e+00)
(5.2473300000e-01 2.4470874000e-01 0.0000000000e+00)
(5.2948138000e-01 2.4520857000e-01 0.0000000000e+00)
(5.3428138000e-01 2.4571383000e-01 0.0000000000e+00)
(5.3913354000e-01 2.4622458000e-01 0.0000000000e+00)
(5.4403844000e-01 2.4674089000e-01 0.0000000000e+00)
(5.4899666000e-01 2.4726281000e-01 0.0000000000e+00)
(5.5400877000e-01 2.4779040000e-01 0.0000000000e+00)
(5.5907535000e-01 2.4832372000e-01 0.0000000000e+00)
(5.6419701000e-01 2.4886284000e-01 0.0000000000e+00)
(5.6937433000e-01 2.4940782000e-01 0.0000000000e+00)
(5.7460793000e-01 2.4995873000e-01 0.0000000000e+00)
(5.7989842000e-01 2.5051562000e-01 0.0000000000e+00)
(5.8524640000e-01 2.5107857000e-01 0.0000000000e+00)
(5.8830787000e-01 2.5140083000e-01 0.0000000000e+00)
(5.9065252000e-01 2.5164763000e-01 0.0000000000e+00)
(5.9611740000e-01 2.5222288000e-01 0.0000000000e+00)
(6.0164167000e-01 2.5280439000e-01 0.0000000000e+00)
(6.0722599000e-01 2.5339221000e-01 0.0000000000e+00)
(6.1287101000e-01 2.5398642000e-01 0.0000000000e+00)
(6.1857738000e-01 2.5458709000e-01 0.0000000000e+00)
(6.2434578000e-01 2.5519429000e-01 0.0000000000e+00)
(6.3017688000e-01 2.5580809000e-01 0.0000000000e+00)
(6.3607136000e-01 2.5642856000e-01 0.0000000000e+00)
(6.4202990000e-01 2.5705578000e-01 0.0000000000e+00)
(6.4805321000e-01 2.5768981000e-01 0.0000000000e+00)
(6.5414199000e-01 2.5833074000e-01 0.0000000000e+00)
(6.5656434000e-01 2.5858572000e-01 0.0000000000e+00)
(6.6029695000e-01 2.5897863000e-01 0.0000000000e+00)
(6.6651881000e-01 2.5963356000e-01 0.0000000000e+00)
(6.7280830000e-01 2.6029561000e-01 0.0000000000e+00)
(6.7916615000e-01 2.6096486000e-01 0.0000000000e+00)
(6.8559310000e-01 2.6164138000e-01 0.0000000000e+00)
(6.9208991000e-01 2.6232525000e-01 0.0000000000e+00)
(6.9865734000e-01 2.6301656000e-01 0.0000000000e+00)
(7.0529614000e-01 2.6371538000e-01 0.0000000000e+00)
(7.1200711000e-01 2.6442180000e-01 0.0000000000e+00)
(7.1879102000e-01 2.6513590000e-01 0.0000000000e+00)
(7.2564867000e-01 2.6585775000e-01 0.0000000000e+00)
(7.2677139000e-01 2.6597594000e-01 0.0000000000e+00)
(7.3258085000e-01 2.6658746000e-01 0.0000000000e+00)
(7.3958839000e-01 2.6732509000e-01 0.0000000000e+00)
(7.4667208000e-01 2.6807075000e-01 0.0000000000e+00)
(7.5383278000e-01 2.6882450000e-01 0.0000000000e+00)
(7.6107130000e-01 2.6958645000e-01 0.0000000000e+00)
(7.6838850000e-01 2.7035668000e-01 0.0000000000e+00)
(7.7578524000e-01 2.7113529000e-01 0.0000000000e+00)
(7.8326237000e-01 2.7192235000e-01 0.0000000000e+00)
(7.9082077000e-01 2.7271798000e-01 0.0000000000e+00)
(7.9846133000e-01 2.7352225000e-01 0.0000000000e+00)
(7.9898477000e-01 2.7357734000e-01 0.0000000000e+00)
(8.0618493000e-01 2.7433526000e-01 0.0000000000e+00)
(8.1399249000e-01 2.7515710000e-01 0.0000000000e+00)
(8.2188490000e-01 2.7598788000e-01 0.0000000000e+00)
(8.2986310000e-01 2.7682770000e-01 0.0000000000e+00)
(8.3792802000e-01 2.7767663000e-01 0.0000000000e+00)
(8.4608060000e-01 2.7853480000e-01 0.0000000000e+00)
(8.5432179000e-01 2.7940229000e-01 0.0000000000e+00)
(8.6265255000e-01 2.8027922000e-01 0.0000000000e+00)
(8.7107387000e-01 2.8116567000e-01 0.0000000000e+00)
(8.7326181000e-01 2.8139598000e-01 0.0000000000e+00)
(8.7958672000e-01 2.8206176000e-01 0.0000000000e+00)
(8.8819209000e-01 2.8296759000e-01 0.0000000000e+00)
(8.9689100000e-01 2.8388326000e-01 0.0000000000e+00)
(9.0568447000e-01 2.8480889000e-01 0.0000000000e+00)
(9.1457351000e-01 2.8574458000e-01 0.0000000000e+00)
(9.2355916000e-01 2.8669044000e-01 0.0000000000e+00)
(9.3264249000e-01 2.8764658000e-01 0.0000000000e+00)
(9.4387783000e-01 2.8882925000e-01 0.0000000000e+00)
(9.4966147000e-01 2.8943805000e-01 0.0000000000e+00)
(9.5511317000e-01 2.9001191000e-01 0.0000000000e+00)
(9.6634851000e-01 2.9119458000e-01 0.0000000000e+00)
(9.7758386000e-01 2.9237725000e-01 0.0000000000e+00)
(9.8881920000e-01 2.9355992000e-01 0.0000000000e+00)
(1.0000545000e+00 2.9474258000e-01 0.0000000000e+00)
(1.0112899000e+00 2.9592525000e-01 0.0000000000e+00)
(1.0225252000e+00 2.9710792000e-01 0.0000000000e+00)
(1.0282444000e+00 2.9770994000e-01 0.0000000000e+00)
(1.0337606000e+00 2.9829059000e-01 0.0000000000e+00)
(1.0449959000e+00 2.9947325000e-01 0.0000000000e+00)
(1.0562313000e+00 3.0065592000e-01 0.0000000000e+00)
(1.0674666000e+00 3.0183859000e-01 0.0000000000e+00)
(1.0787019000e+00 3.0302126000e-01 0.0000000000e+00)
(1.0899373000e+00 3.0420392000e-01 0.0000000000e+00)
(1.1011726000e+00 3.0538659000e-01 0.0000000000e+00)
(1.1090731000e+00 3.0621822000e-01 0.0000000000e+00)
(1.1124080000e+00 3.0656926000e-01 0.0000000000e+00)
(1.1236433000e+00 3.0775193000e-01 0.0000000000e+00)
(1.1348786000e+00 3.0893459000e-01 0.0000000000e+00)
(1.1461140000e+00 3.1011726000e-01 0.0000000000e+00)
(1.1573493000e+00 3.1129993000e-01 0.0000000000e+00)
(1.1685847000e+00 3.1248260000e-01 0.0000000000e+00)
(1.1798200000e+00 3.1366526000e-01 0.0000000000e+00)
(1.1910554000e+00 3.1484793000e-01 0.0000000000e+00)
(1.1922116000e+00 3.1496964000e-01 0.0000000000e+00)
(1.2022907000e+00 3.1603060000e-01 0.0000000000e+00)
(1.2135260000e+00 3.1721327000e-01 0.0000000000e+00)
(1.2247614000e+00 3.1839594000e-01 0.0000000000e+00)
(1.2359967000e+00 3.1957860000e-01 0.0000000000e+00)
(1.2472321000e+00 3.2076127000e-01 0.0000000000e+00)
(1.2584674000e+00 3.2194394000e-01 0.0000000000e+00)
(1.2697028000e+00 3.2312661000e-01 0.0000000000e+00)
(1.2777259000e+00 3.2397115000e-01 0.0000000000e+00)
(1.2809381000e+00 3.2430927000e-01 0.0000000000e+00)
(1.2921734000e+00 3.2549194000e-01 0.0000000000e+00)
(1.3034088000e+00 3.2667461000e-01 0.0000000000e+00)
(1.3146441000e+00 3.2785728000e-01 0.0000000000e+00)
(1.3258795000e+00 3.2903994000e-01 0.0000000000e+00)
(1.3371148000e+00 3.3022261000e-01 0.0000000000e+00)
(1.3483501000e+00 3.3140528000e-01 0.0000000000e+00)
(1.3595855000e+00 3.3258795000e-01 0.0000000000e+00)
(1.3656840000e+00 3.3322990000e-01 0.0000000000e+00)
(1.3708208000e+00 3.3377061000e-01 0.0000000000e+00)
(1.3820562000e+00 3.3495328000e-01 0.0000000000e+00)
(1.3932915000e+00 3.3613595000e-01 0.0000000000e+00)
(1.4045269000e+00 3.3731862000e-01 0.0000000000e+00)
(1.4157622000e+00 3.3850128000e-01 0.0000000000e+00)
(1.4269975000e+00 3.3968395000e-01 0.0000000000e+00)
(1.4382329000e+00 3.4086662000e-01 0.0000000000e+00)
(1.4494682000e+00 3.4204929000e-01 0.0000000000e+00)
(1.4561558000e+00 3.4275324000e-01 0.0000000000e+00)
(1.4607036000e+00 3.4323195000e-01 0.0000000000e+00)
(1.4719389000e+00 3.4441462000e-01 0.0000000000e+00)
(1.4831743000e+00 3.4559729000e-01 0.0000000000e+00)
(1.4944096000e+00 3.4677996000e-01 0.0000000000e+00)
(1.5056449000e+00 3.4796263000e-01 0.0000000000e+00)
(1.5168803000e+00 3.4914529000e-01 0.0000000000e+00)
(1.5281156000e+00 3.5032796000e-01 0.0000000000e+00)
(1.5393510000e+00 3.5151063000e-01 0.0000000000e+00)
(1.5492129000e+00 3.5254873000e-01 0.0000000000e+00)
(1.5505863000e+00 3.5269330000e-01 0.0000000000e+00)
(1.5618217000e+00 3.5387596000e-01 0.0000000000e+00)
(1.5730570000e+00 3.5505863000e-01 0.0000000000e+00)
(1.5842923000e+00 3.5624130000e-01 0.0000000000e+00)
(1.5955277000e+00 3.5742397000e-01 0.0000000000e+00)
(1.6067630000e+00 3.5860663000e-01 0.0000000000e+00)
(1.6179984000e+00 3.5978930000e-01 0.0000000000e+00)
(1.6292337000e+00 3.6097197000e-01 0.0000000000e+00)
(1.6404690000e+00 3.6215464000e-01 0.0000000000e+00)
(1.6449294000e+00 3.6262415000e-01 0.0000000000e+00)
(1.6517044000e+00 3.6333730000e-01 0.0000000000e+00)
(1.6629397000e+00 3.6451997000e-01 0.0000000000e+00)
(1.6741751000e+00 3.6570264000e-01 0.0000000000e+00)
(1.6854104000e+00 3.6688531000e-01 0.0000000000e+00)
(1.6966458000e+00 3.6806797000e-01 0.0000000000e+00)
(1.7078811000e+00 3.6925064000e-01 0.0000000000e+00)
(1.7191164000e+00 3.7043331000e-01 0.0000000000e+00)
(1.7303518000e+00 3.7161598000e-01 0.0000000000e+00)
(1.7415871000e+00 3.7279865000e-01 0.0000000000e+00)
(1.7433812000e+00 3.7298749000e-01 0.0000000000e+00)
(1.7528225000e+00 3.7398131000e-01 0.0000000000e+00)
(1.7640578000e+00 3.7516398000e-01 0.0000000000e+00)
(1.7752932000e+00 3.7634665000e-01 0.0000000000e+00)
(1.7865285000e+00 3.7752932000e-01 0.0000000000e+00)
(1.7977638000e+00 3.7871198000e-01 0.0000000000e+00)
(1.8089992000e+00 3.7989465000e-01 0.0000000000e+00)
(1.8202345000e+00 3.8107732000e-01 0.0000000000e+00)
(1.8314699000e+00 3.8225999000e-01 0.0000000000e+00)
(1.8427052000e+00 3.8344265000e-01 0.0000000000e+00)
(1.8446464000e+00 3.8364699000e-01 0.0000000000e+00)
(1.8539406000e+00 3.8462532000e-01 0.0000000000e+00)
(1.8651759000e+00 3.8580799000e-01 0.0000000000e+00)
(1.8764112000e+00 3.8699066000e-01 0.0000000000e+00)
(1.8876466000e+00 3.8817332000e-01 0.0000000000e+00)
(1.8988819000e+00 3.8935599000e-01 0.0000000000e+00)
(1.9101173000e+00 3.9053866000e-01 0.0000000000e+00)
(1.9213526000e+00 3.9172133000e-01 0.0000000000e+00)
(1.9325879000e+00 3.9290399000e-01 0.0000000000e+00)
(1.9438233000e+00 3.9408666000e-01 0.0000000000e+00)
(1.9488056000e+00 3.9461111000e-01 0.0000000000e+00)
(1.9550586000e+00 3.9526933000e-01 0.0000000000e+00)
(1.9662940000e+00 3.9645200000e-01 0.0000000000e+00)
(1.9775293000e+00 3.9763466000e-01 0.0000000000e+00)
(1.9887647000e+00 3.9881733000e-01 0.0000000000e+00)
(2.0000000000e+00 4.0000000000e-01 0.0000000000e+00)
(1.0000000000e-01 2.0000000000e-01 -1.0000000000e-02)
(1.0089090000e-01 2.0009378000e-01 -1.0000000000e-02)
(1.0210043000e-01 2.0022110000e-01 -1.0000000000e-02)
(1.0331282000e-01 2.0034872000e-01 -1.0000000000e-02)
(1.0452807000e-01 2.0047664000e-01 -1.0000000000e-02)
(1.0574618000e-01 2.0060486000e-01 -1.0000000000e-02)
(1.0627963000e-01 2.0066101000e-01 -1.0000000000e-02)
(1.0696717000e-01 2.0073339000e-01 -1.0000000000e-02)
(1.0819105000e-01 2.0086222000e-01 -1.0000000000e-02)
(1.0941781000e-01 2.0099135000e-01 -1.0000000000e-02)
(1.1064747000e-01 2.0112079000e-01 -1.0000000000e-02)
(1.1188003000e-01 2.0125053000e-01 -1.0000000000e-02)
(1.1311550000e-01 2.0138058000e-01 -1.0000000000e-02)
(1.1435388000e-01 2.0151093000e-01 -1.0000000000e-02)
(1.1559519000e-01 2.0164160000e-01 -1.0000000000e-02)
(1.1683943000e-01 2.0177257000e-01 -1.0000000000e-02)
(1.1808660000e-01 2.0190385000e-01 -1.0000000000e-02)
(1.1933672000e-01 2.0203544000e-01 -1.0000000000e-02)
(1.2058978000e-01 2.0216735000e-01 -1.0000000000e-02)
(1.2184581000e-01 2.0229956000e-01 -1.0000000000e-02)
(1.2310480000e-01 2.0243208000e-01 -1.0000000000e-02)
(1.2436676000e-01 2.0256492000e-01 -1.0000000000e-02)
(1.2563170000e-01 2.0269807000e-01 -1.0000000000e-02)
(1.2689962000e-01 2.0283154000e-01 -1.0000000000e-02)
(1.2817054000e-01 2.0296532000e-01 -1.0000000000e-02)
(1.2944446000e-01 2.0309942000e-01 -1.0000000000e-02)
(1.3072138000e-01 2.0323383000e-01 -1.0000000000e-02)
(1.3200132000e-01 2.0336856000e-01 -1.0000000000e-02)
(1.3328427000e-01 2.0350361000e-01 -1.0000000000e-02)
(1.3457026000e-01 2.0363897000e-01 -1.0000000000e-02)
(1.3585928000e-01 2.0377466000e-01 -1.0000000000e-02)
(1.3715134000e-01 2.0391067000e-01 -1.0000000000e-02)
(1.3844646000e-01 2.0404700000e-01 -1.0000000000e-02)
(1.3974463000e-01 2.0418364000e-01 -1.0000000000e-02)
(1.4104586000e-01 2.0432062000e-01 -1.0000000000e-02)
(1.4235016000e-01 2.0445791000e-01 -1.0000000000e-02)
(1.4365755000e-01 2.0459553000e-01 -1.0000000000e-02)
(1.4496801000e-01 2.0473348000e-01 -1.0000000000e-02)
(1.4628157000e-01 2.0487174000e-01 -1.0000000000e-02)
(1.4759824000e-01 2.0501034000e-01 -1.0000000000e-02)
(1.4891800000e-01 2.0514926000e-01 -1.0000000000e-02)
(1.5024089000e-01 2.0528851000e-01 -1.0000000000e-02)
(1.5156689000e-01 2.0542809000e-01 -1.0000000000e-02)
(1.5289603000e-01 2.0556800000e-01 -1.0000000000e-02)
(1.5422830000e-01 2.0570824000e-01 -1.0000000000e-02)
(1.5556372000e-01 2.0584881000e-01 -1.0000000000e-02)
(1.5690229000e-01 2.0598971000e-01 -1.0000000000e-02)
(1.5824401000e-01 2.0613095000e-01 -1.0000000000e-02)
(1.5958891000e-01 2.0627252000e-01 -1.0000000000e-02)
(1.6076108000e-01 2.0639590000e-01 -1.0000000000e-02)
(1.6093698000e-01 2.0641442000e-01 -1.0000000000e-02)
(1.6228823000e-01 2.0655666000e-01 -1.0000000000e-02)
(1.6364266000e-01 2.0669923000e-01 -1.0000000000e-02)
(1.6500030000e-01 2.0684214000e-01 -1.0000000000e-02)
(1.6636114000e-01 2.0698538000e-01 -1.0000000000e-02)
(1.6772519000e-01 2.0712897000e-01 -1.0000000000e-02)
(1.6909246000e-01 2.0727289000e-01 -1.0000000000e-02)
(1.7046296000e-01 2.0741715000e-01 -1.0000000000e-02)
(1.7183669000e-01 2.0756176000e-01 -1.0000000000e-02)
(1.7321367000e-01 2.0770670000e-01 -1.0000000000e-02)
(1.7459389000e-01 2.0785199000e-01 -1.0000000000e-02)
(1.7597737000e-01 2.0799762000e-01 -1.0000000000e-02)
(1.7736412000e-01 2.0814359000e-01 -1.0000000000e-02)
(1.7875414000e-01 2.0828991000e-01 -1.0000000000e-02)
(1.8014744000e-01 2.0843657000e-01 -1.0000000000e-02)
(1.8154403000e-01 2.0858358000e-01 -1.0000000000e-02)
(1.8294392000e-01 2.0873094000e-01 -1.0000000000e-02)
(1.8434711000e-01 2.0887864000e-01 -1.0000000000e-02)
(1.8575361000e-01 2.0902670000e-01 -1.0000000000e-02)
(1.8716343000e-01 2.0917510000e-01 -1.0000000000e-02)
(1.8857657000e-01 2.0932385000e-01 -1.0000000000e-02)
(1.8999306000e-01 2.0947295000e-01 -1.0000000000e-02)
(1.9141288000e-01 2.0962241000e-01 -1.0000000000e-02)
(1.9283606000e-01 2.0977222000e-01 -1.0000000000e-02)
(1.9426260000e-01 2.0992238000e-01 -1.0000000000e-02)
(1.9569250000e-01 2.1007289000e-01 -1.0000000000e-02)
(1.9712578000e-01 2.1022377000e-01 -1.0000000000e-02)
(1.9856244000e-01 2.1037499000e-01 -1.0000000000e-02)
(2.0000249000e-01 2.1052658000e-01 -1.0000000000e-02)
(2.0144594000e-01 2.1067852000e-01 -1.0000000000e-02)
(2.0289280000e-01 2.1083082000e-01 -1.0000000000e-02)
(2.0434307000e-01 2.1098348000e-01 -1.0000000000e-02)
(2.0579676000e-01 2.1113650000e-01 -1.0000000000e-02)
(2.0725389000e-01 2.1128988000e-01 -1.0000000000e-02)
(2.0855150000e-01 2.1142647000e-01 -1.0000000000e-02)
(2.0986323000e-01 2.1156455000e-01 -1.0000000000e-02)
(2.1118921000e-01 2.1170413000e-01 -1.0000000000e-02)
(2.1252960000e-01 2.1184522000e-01 -1.0000000000e-02)
(2.1388456000e-01 2.1198785000e-01 -1.0000000000e-02)
(2.1525425000e-01 2.1213203000e-01 -1.0000000000e-02)
(2.1663882000e-01 2.1227777000e-01 -1.0000000000e-02)
(2.1679946000e-01 2.1229468000e-01 -1.0000000000e-02)
(2.1803845000e-01 2.1242510000e-01 -1.0000000000e-02)
(2.1945328000e-01 2.1257403000e-01 -1.0000000000e-02)
(2.2088350000e-01 2.1272458000e-01 -1.0000000000e-02)
(2.2232926000e-01 2.1287676000e-01 -1.0000000000e-02)
(2.2379074000e-01 2.1303060000e-01 -1.0000000000e-02)
(2.2526810000e-01 2.1318612000e-01 -1.0000000000e-02)
(2.2676152000e-01 2.1334332000e-01 -1.0000000000e-02)
(2.2827117000e-01 2.1350223000e-01 -1.0000000000e-02)
(2.2979723000e-01 2.1366287000e-01 -1.0000000000e-02)
(2.3133988000e-01 2.1382525000e-01 -1.0000000000e-02)
(2.3289929000e-01 2.1398940000e-01 -1.0000000000e-02)
(2.3447566000e-01 2.1415533000e-01 -1.0000000000e-02)
(2.3606915000e-01 2.1432307000e-01 -1.0000000000e-02)
(2.3767997000e-01 2.1449263000e-01 -1.0000000000e-02)
(2.3930830000e-01 2.1466403000e-01 -1.0000000000e-02)
(2.4095432000e-01 2.1483730000e-01 -1.0000000000e-02)
(2.4261824000e-01 2.1501245000e-01 -1.0000000000e-02)
(2.4430024000e-01 2.1518950000e-01 -1.0000000000e-02)
(2.4600053000e-01 2.1536848000e-01 -1.0000000000e-02)
(2.4771929000e-01 2.1554940000e-01 -1.0000000000e-02)
(2.4945674000e-01 2.1573229000e-01 -1.0000000000e-02)
(2.5121307000e-01 2.1591717000e-01 -1.0000000000e-02)
(2.5298849000e-01 2.1610405000e-01 -1.0000000000e-02)
(2.5478321000e-01 2.1629297000e-01 -1.0000000000e-02)
(2.5659744000e-01 2.1648394000e-01 -1.0000000000e-02)
(2.5843138000e-01 2.1667699000e-01 -1.0000000000e-02)
(2.6028526000e-01 2.1687213000e-01 -1.0000000000e-02)
(2.6215929000e-01 2.1706940000e-01 -1.0000000000e-02)
(2.6405369000e-01 2.1726881000e-01 -1.0000000000e-02)
(2.6596868000e-01 2.1747039000e-01 -1.0000000000e-02)
(2.6790448000e-01 2.1767416000e-01 -1.0000000000e-02)
(2.6986133000e-01 2.1788014000e-01 -1.0000000000e-02)
(2.7183944000e-01 2.1808836000e-01 -1.0000000000e-02)
(2.7383906000e-01 2.1829885000e-01 -1.0000000000e-02)
(2.7443925000e-01 2.1836203000e-01 -1.0000000000e-02)
(2.7586041000e-01 2.1851162000e-01 -1.0000000000e-02)
(2.7790373000e-01 2.1872671000e-01 -1.0000000000e-02)
(2.7996926000e-01 2.1894413000e-01 -1.0000000000e-02)
(2.8205724000e-01 2.1916392000e-01 -1.0000000000e-02)
(2.8416791000e-01 2.1938610000e-01 -1.0000000000e-02)
(2.8630153000e-01 2.1961069000e-01 -1.0000000000e-02)
(2.8845833000e-01 2.1983772000e-01 -1.0000000000e-02)
(2.9063858000e-01 2.2006722000e-01 -1.0000000000e-02)
(2.9284253000e-01 2.2029921000e-01 -1.0000000000e-02)
(2.9507043000e-01 2.2053373000e-01 -1.0000000000e-02)
(2.9732255000e-01 2.2077079000e-01 -1.0000000000e-02)
(2.9959915000e-01 2.2101044000e-01 -1.0000000000e-02)
(3.0190049000e-01 2.2125268000e-01 -1.0000000000e-02)
(3.0422685000e-01 2.2149756000e-01 -1.0000000000e-02)
(3.0657849000e-01 2.2174510000e-01 -1.0000000000e-02)
(3.0895569000e-01 2.2199534000e-01 -1.0000000000e-02)
(3.1135873000e-01 2.2224829000e-01 -1.0000000000e-02)
(3.1378789000e-01 2.2250399000e-01 -1.0000000000e-02)
(3.1624346000e-01 2.2276247000e-01 -1.0000000000e-02)
(3.1872571000e-01 2.2302376000e-01 -1.0000000000e-02)
(3.2123494000e-01 2.2328789000e-01 -1.0000000000e-02)
(3.2377145000e-01 2.2355489000e-01 -1.0000000000e-02)
(3.2633553000e-01 2.2382479000e-01 -1.0000000000e-02)
(3.2892748000e-01 2.2409763000e-01 -1.0000000000e-02)
(3.3154759000e-01 2.2437343000e-01 -1.0000000000e-02)
(3.3372624000e-01 2.2460276000e-01 -1.0000000000e-02)
(3.3419619000e-01 2.2465223000e-01 -1.0000000000e-02)
(3.3687358000e-01 2.2493406000e-01 -1.0000000000e-02)
(3.3958007000e-01 2.2521895000e-01 -1.0000000000e-02)
(3.4231597000e-01 2.2550694000e-01 -1.0000000000e-02)
(3.4508161000e-01 2.2579806000e-01 -1.0000000000e-02)
(3.4787732000e-01 2.2609235000e-01 -1.0000000000e-02)
(3.5070341000e-01 2.2638983000e-01 -1.0000000000e-02)
(3.5356021000e-01 2.2669055000e-01 -1.0000000000e-02)
(3.5644807000e-01 2.2699453000e-01 -1.0000000000e-02)
(3.5936732000e-01 2.2730182000e-01 -1.0000000000e-02)
(3.6231830000e-01 2.2761245000e-01 -1.0000000000e-02)
(3.6530135000e-01 2.2792646000e-01 -1.0000000000e-02)
(3.6831683000e-01 2.2824388000e-01 -1.0000000000e-02)
(3.7136508000e-01 2.2856475000e-01 -1.0000000000e-02)
(3.7444647000e-01 2.2888910000e-01 -1.0000000000e-02)
(3.7756134000e-01 2.2921698000e-01 -1.0000000000e-02)
(3.8071008000e-01 2.2954843000e-01 -1.0000000000e-02)
(3.8389303000e-01 2.2988348000e-01 -1.0000000000e-02)
(3.8711059000e-01 2.3022217000e-01 -1.0000000000e-02)
(3.9036312000e-01 2.3056454000e-01 -1.0000000000e-02)
(3.9365099000e-01 2.3091063000e-01 -1.0000000000e-02)
(3.9470748000e-01 2.3102184000e-01 -1.0000000000e-02)
(3.9697461000e-01 2.3126049000e-01 -1.0000000000e-02)
(4.0033435000e-01 2.3161414000e-01 -1.0000000000e-02)
(4.0373061000e-01 2.3197164000e-01 -1.0000000000e-02)
(4.0716378000e-01 2.3233303000e-01 -1.0000000000e-02)
(4.1063427000e-01 2.3269834000e-01 -1.0000000000e-02)
(4.1414249000e-01 2.3306763000e-01 -1.0000000000e-02)
(4.1768883000e-01 2.3344093000e-01 -1.0000000000e-02)
(4.2127372000e-01 2.3381829000e-01 -1.0000000000e-02)
(4.2489757000e-01 2.3419974000e-01 -1.0000000000e-02)
(4.2856082000e-01 2.3458535000e-01 -1.0000000000e-02)
(4.3226388000e-01 2.3497514000e-01 -1.0000000000e-02)
(4.3600719000e-01 2.3536918000e-01 -1.0000000000e-02)
(4.3979118000e-01 2.3576749000e-01 -1.0000000000e-02)
(4.4361631000e-01 2.3617014000e-01 -1.0000000000e-02)
(4.4748301000e-01 2.3657716000e-01 -1.0000000000e-02)
(4.5139174000e-01 2.3698860000e-01 -1.0000000000e-02)
(4.5534295000e-01 2.3740452000e-01 -1.0000000000e-02)
(4.5743139000e-01 2.3762436000e-01 -1.0000000000e-02)
(4.5933712000e-01 2.3782496000e-01 -1.0000000000e-02)
(4.6337469000e-01 2.3824997000e-01 -1.0000000000e-02)
(4.6745615000e-01 2.3867960000e-01 -1.0000000000e-02)
(4.7158198000e-01 2.3911389000e-01 -1.0000000000e-02)
(4.7575264000e-01 2.3955291000e-01 -1.0000000000e-02)
(4.7996864000e-01 2.3999670000e-01 -1.0000000000e-02)
(4.8423047000e-01 2.4044531000e-01 -1.0000000000e-02)
(4.8853862000e-01 2.4089880000e-01 -1.0000000000e-02)
(4.9289359000e-01 2.4135722000e-01 -1.0000000000e-02)
(4.9729590000e-01 2.4182062000e-01 -1.0000000000e-02)
(5.0174606000e-01 2.4228906000e-01 -1.0000000000e-02)
(5.0624459000e-01 2.4276259000e-01 -1.0000000000e-02)
(5.1079201000e-01 2.4324126000e-01 -1.0000000000e-02)
(5.1538886000e-01 2.4372514000e-01 -1.0000000000e-02)
(5.2003568000e-01 2.4421428000e-01 -1.0000000000e-02)
(5.2194778000e-01 2.4441556000e-01 -1.0000000000e-02)
(5.2473300000e-01 2.4470874000e-01 -1.0000000000e-02)
(5.2948138000e-01 2.4520857000e-01 -1.0000000000e-02)
(5.3428138000e-01 2.4571383000e-01 -1.0000000000e-02)
(5.3913354000e-01 2.4622458000e-01 -1.0000000000e-02)
(5.4403844000e-01 2.4674089000e-01 -1.0000000000e-02)
(5.4899666000e-01 2.4726281000e-01 -1.0000000000e-02)
(5.5400877000e-01 2.4779040000e-01 -1.0000000000e-02)
(5.5907535000e-01 2.4832372000e-01 -1.0000000000e-02)
(5.6419701000e-01 2.4886284000e-01 -1.0000000000e-02)
(5.6937433000e-01 2.4940782000e-01 -1.0000000000e-02)
(5.7460793000e-01 2.4995873000e-01 -1.0000000000e-02)
(5.7989842000e-01 2.5051562000e-01 -1.0000000000e-02)
(5.8524640000e-01 2.5107857000e-01 -1.0000000000e-02)
(5.8830787000e-01 2.5140083000e-01 -1.0000000000e-02)
(5.9065252000e-01 2.5164763000e-01 -1.0000000000e-02)
(5.9611740000e-01 2.5222288000e-01 -1.0000000000e-02)
(6.0164167000e-01 2.5280439000e-01 -1.0000000000e-02)
(6.0722599000e-01 2.5339221000e-01 -1.0000000000e-02)
(6.1287101000e-01 2.5398642000e-01 -1.0000000000e-02)
(6.1857738000e-01 2.5458709000e-01 -1.0000000000e-02)
(6.2434578000e-01 2.5519429000e-01 -1.0000000000e-02)
(6.3017688000e-01 2.5580809000e-01 -1.0000000000e-02)
(6.3607136000e-01 2.5642856000e-01 -1.0000000000e-02)
(6.4202990000e-01 2.5705578000e-01 -1.0000000000e-02)
(6.4805321000e-01 2.5768981000e-01 -1.0000000000e-02)
(6.5414199000e-01 2.5833074000e-01 -1.0000000000e-02)
(6.5656434000e-01 2.5858572000e-01 -1.0000000000e-02)
(6.6029695000e-01 2.5897863000e-01 -1.0000000000e-02)
(6.6651881000e-01 2.5963356000e-01 -1.0000000000e-02)
(6.7280830000e-01 2.6029561000e-01 -1.0000000000e-02)
(6.7916615000e-01 2.6096486000e-01 -1.0000000000e-02)
(6.8559310000e-01 2.6164138000e-01 -1.0000000000e-02)
(6.9208991000e-01 2.6232525000e-01 -1.0000000000e-02)
(6.9865734000e-01 2.6301656000e-01 -1.0000000000e-02)
(7.0529614000e-01 2.6371538000e-01 -1.0000000000e-02)
(7.1200711000e-01 2.6442180000e-01 -1.0000000000e-02)
(7.1879102000e-01 2.6513590000e-01 -1.0000000000e-02)
(7.2564867000e-01 2.6585775000e-01 -1.0000000000e-02)
(7.2677139000e-01 2.6597594000e-01 -1.0000000000e-02)
(7.3258085000e-01 2.6658746000e-01 -1.0000000000e-02)
(7.3958839000e-01 2.6732509000e-01 -1.0000000000e-02)
(7.4667208000e-01 2.6807075000e-01 -1.0000000000e-02)
(7.5383278000e-01 2.6882450000e-01 -1.0000000000e-02)
(7.6107130000e-01 2.6958645000e-01 -1.0000000000e-02)
(7.6838850000e-01 2.7035668000e-01 -1.0000000000e-02)
(7.7578524000e-01 2.7113529000e-01 -1.0000000000e-02)
(7.8326237000e-01 2.7192235000e-01 -1.0000000000e-02)
(7.9082077000e-01 2.7271798000e-01 -1.0000000000e-02)
(7.9846133000e-01 2.7352225000e-01 -1.0000000000e-02)
(7.9898477000e-01 2.7357734000e-01 -1.0000000000e-02)
(8.0618493000e-01 2.7433526000e-01 -1.0000000000e-02)
(8.1399249000e-01 2.7515710000e-01 -1.0000000000e-02)
(8.2188490000e-01 2.7598788000e-01 -1.0000000000e-02)
(8.2986310000e-01 2.7682770000e-01 -1.0000000000e-02)
(8.3792802000e-01 2.7767663000e-01 -1.0000000000e-02)
(8.4608060000e-01 2.7853480000e-01 -1.0000000000e-02)
(8.5432179000e-01 2.7940229000e-01 -1.0000000000e-02)
(8.6265255000e-01 2.8027922000e-01 -1.0000000000e-02)
(8.7107387000e-01 2.8116567000e-01 -1.0000000000e-02)
(8.7326181000e-01 2.8139598000e-01 -1.0000000000e-02)
(8.7958672000e-01 2.8206176000e-01 -1.0000000000e-02)
(8.8819209000e-01 2.8296759000e-01 -1.0000000000e-02)
(8.9689100000e-01 2.8388326000e-01 -1.0000000000e-02)
(9.0568447000e-01 2.8480889000e-01 -1.0000000000e-02)
(9.1457351000e-01 2.8574458000e-01 -1.0000000000e-02)
(9.2355916000e-01 2.8669044000e-01 -1.0000000000e-02)
(9.3264249000e-01 2.8764658000e-01 -1.0000000000e-02)
(9.4387783000e-01 2.8882925000e-01 -1.0000000000e-02)
(9.4966147000e-01 2.8943805000e-01 -1.0000000000e-02)
(9.5511317000e-01 2.9001191000e-01 -1.0000000000e-02)
(9.6634851000e-01 2.9119458000e-01 -1.0000000000e-02)
(9.7758386000e-01 2.9237725000e-01 -1.0000000000e-02)
(9.8881920000e-01 2.9355992000e-01 -1.0000000000e-02)
(1.0000545000e+00 2.9474258000e-01 -1.0000000000e-02)
(1.0112899000e+00 2.9592525000e-01 -1.0000000000e-02)
(1.0225252000e+00 2.9710792000e-01 -1.0000000000e-02)
(1.0282444000e+00 2.9770994000e-01 -1.0000000000e-02)
(1.0337606000e+00 2.9829059000e-01 -1.0000000000e-02)
(1.0449959000e+00 2.9947325000e-01 -1.0000000000e-02)
(1.0562313000e+00 3.0065592000e-01 -1.0000000000e-02)
(1.0674666000e+00 3.0183859000e-01 -1.0000000000e-02)
(1.0787019000e+00 3.0302126000e-01 -1.0000000000e-02)
(1.0899373000e+00 3.0420392000e-01 -1.0000000000e-02)
(1.1011726000e+00 3.0538659000e-01 -1.0000000000e-02)
(1.1090731000e+00 3.0621822000e-01 -1.0000000000e-02)
(1.1124080000e+00 3.0656926000e-01 -1.0000000000e-02)
(1.1236433000e+00 3.0775193000e-01 -1.0000000000e-02)
(1.1348786000e+00 3.0893459000e-01 -1.0000000000e-02)
(1.1461140000e+00 3.1011726000e-01 -1.0000000000e-02)
(1.1573493000e+00 3.1129993000e-01 -1.0000000000e-02)
(1.1685847000e+00 3.1248260000e-01 -1.0000000000e-02)
(1.1798200000e+00 3.1366526000e-01 -1.0000000000e-02)
(1.1910554000e+00 3.1484793000e-01 -1.0000000000e-02)
(1.1922116000e+00 3.1496964000e-01 -1.0000000000e-02)
(1.2022907000e+00 3.1603060000e-01 -1.0000000000e-02)
(1.2135260000e+00 3.1721327000e-01 -1.0000000000e-02)
(1.2247614000e+00 3.1839594000e-01 -1.0000000000e-02)
(1.2359967000e+00 3.1957860000e-01 -1.0000000000e-02)
(1.2472321000e+00 3.2076127000e-01 -1.0000000000e-02)
(1.2584674000e+00 3.2194394000e-01 -1.0000000000e-02)
(1.2697028000e+00 3.2312661000e-01 -1.0000000000e-02)
(1.2777259000e+00 3.2397115000e-01 -1.0000000000e-02)
(1.2809381000e+00 3.2430927000e-01 -1.0000000000e-02)
(1.2921734000e+00 3.2549194000e-01 -1.0000000000e-02)
(1.3034088000e+00 3.2667461000e-01 -1.0000000000e-02)
(1.3146441000e+00 3.2785728000e-01 -1.0000000000e-02)
(1.3258795000e+00 3.2903994000e-01 -1.0000000000e-02)
(1.3371148000e+00 3.3022261000e-01 -1.0000000000e-02)
(1.3483501000e+00 3.3140528000e-01 -1.0000000000e-02)
(1.3595855000e+00 3.3258795000e-01 -1.0000000000e-02)
(1.3656840000e+00 3.3322990000e-01 -1.0000000000e-02)
(1.3708208000e+00 3.3377061000e-01 -1.0000000000e-02)
(1.3820562000e+00 3.3495328000e-01 -1.0000000000e-02)
(1.3932915000e+00 3.3613595000e-01 -1.0000000000e-02)
(1.4045269000e+00 3.3731862000e-01 -1.0000000000e-02)
(1.4157622000e+00 3.3850128000e-01 -1.0000000000e-02)
(1.4269975000e+00 3.3968395000e-01 -1.0000000000e-02)
(1.4382329000e+00 3.4086662000e-01 -1.0000000000e-02)
(1.4494682000e+00 3.4204929000e-01 -1.0000000000e-02)
(1.4561558000e+00 3.4275324000e-01 -1.0000000000e-02)
(1.4607036000e+00 3.4323195000e-01 -1.0000000000e-02)
(1.4719389000e+00 3.4441462000e-01 -1.0000000000e-02)
(1.4831743000e+00 3.4559729000e-01 -1.0000000000e-02)
(1.4944096000e+00 3.4677996000e-01 -1.0000000000e-02)
(1.5056449000e+00 3.4796263000e-01 -1.0000000000e-02)
(1.5168803000e+00 3.4914529000e-01 -1.0000000000e-02)
(1.5281156000e+00 3.5032796000e-01 -1.0000000000e-02)
(1.5393510000e+00 3.5151063000e-01 -1.0000000000e-02)
(1.5492129000e+00 3.5254873000e-01 -1.0000000000e-02)
(1.5505863000e+00 3.5269330000e-01 -1.0000000000e-02)
(1.5618217000e+00 3.5387596000e-01 -1.0000000000e-02)
(1.5730570000e+00 3.5505863000e-01 -1.0000000000e-02)
(1.5842923000e+00 3.5624130000e-01 -1.0000000000e-02)
(1.5955277000e+00 3.5742397000e-01 -1.0000000000e-02)
(1.6067630000e+00 3.5860663000e-01 -1.0000000000e-02)
(1.6179984000e+00 3.5978930000e-01 -1.0000000000e-02)
(1.6292337000e+00 3.6097197000e-01 -1.0000000000e-02)
(1.6404690000e+00 3.6215464000e-01 -1.0000000000e-02)
(1.6449294000e+00 3.6262415000e-01 -1.0000000000e-02)
(1.6517044000e+00 3.6333730000e-01 -1.0000000000e-02)
(1.6629397000e+00 3.6451997000e-01 -1.0000000000e-02)
(1.6741751000e+00 3.6570264000e-01 -1.0000000000e-02)
(1.6854104000e+00 3.6688531000e-01 -1.0000000000e-02)
(1.6966458000e+00 3.6806797000e-01 -1.0000000000e-02)
(1.7078811000e+00 3.6925064000e-01 -1.0000000000e-02)
(1.7191164000e+00 3.7043331000e-01 -1.0000000000e-02)
(1.7303518000e+00 3.7161598000e-01 -1.0000000000e-02)
(1.7415871000e+00 3.7279865000e-01 -1.0000000000e-02)
(1.7433812000e+00 3.7298749000e-01 -1.0000000000e-02)
(1.7528225000e+00 3.7398131000e-01 -1.0000000000e-02)
(1.7640578000e+00 3.7516398000e-01 -1.0000000000e-02)
(1.7752932000e+00 3.7634665000e-01 -1.0000000000e-02)
(1.7865285000e+00 3.7752932000e-01 -1.0000000000e-02)
(1.7977638000e+00 3.7871198000e-01 -1.0000000000e-02)
(1.8089992000e+00 3.7989465000e-01 -1.0000000000e-02)
(1.8202345000e+00 3.8107732000e-01 -1.0000000000e-02)
(1.8314699000e+00 3.8225999000e-01 -1.0000000000e-02)
(1.8427052000e+00 3.8344265000e-01 -1.0000000000e-02)
(1.8446464000e+00 3.8364699000e-01 -1.0000000000e-02)
(1.8539406000e+00 3.8462532000e-01 -1.0000000000e-02)
(1.8651759000e+00 3.8580799000e-01 -1.0000000000e-02)
(1.8764112000e+00 3.8699066000e-01 -1.0000000000e-02)
(1.8876466000e+00 3.8817332000e-01 -1.0000000000e-02)
(1.8988819000e+00 3.8935599000e-01 -1.0000000000e-02)
(1.9101173000e+00 3.9053866000e-01 -1.0000000000e-02)
(1.9213526000e+00 3.9172133000e-01 -1.0000000000e-02)
(1.9325879000e+00 3.9290399000e-01 -1.0000000000e-02)
(1.9438233000e+00 3.9408666000e-01 -1.0000000000e-02)
(1.9488056000e+00 3.9461111000e-01 -1.0000000000e-02)
(1.9550586000e+00 3.9526933000e-01 -1.0000000000e-02)
(1.9662940000e+00 3.9645200000e-01 -1.0000000000e-02)
(1.9775293000e+00 3.9763466000e-01 -1.0000000000e-02)
(1.9887647000e+00 3.9881733000e-01 -1.0000000000e-02)
(2.0000000000e+00 4.0000000000e-01 -1.0000000000e-02)
)