102
(
(1.0000000000e-01 0.0000000000e+00 0.0000000000e+00)
(1.0000000000e-01 2.0000000000e-06 0.0000000000e+00)
(1.0000000000e-01 4.4430910000e-06 0.0000000000e+00)
(1.0000000000e-01 7.4274379000e-06 0.0000000000e+00)
(1.0000000000e-01 1.1072953000e-05 0.0000000000e+00)
(1.0000000000e-01 1.5526116000e-05 0.0000000000e+00)
(1.0000000000e-01 2.0965858000e-05 0.0000000000e+00)
(1.0000000000e-01 2.7610749000e-05 0.0000000000e+00)
(1.0000000000e-01 3.5727787000e-05 0.0000000000e+00)
(1.0000000000e-01 4.5643118000e-05 0.0000000000e+00)
(1.0000000000e-01 5.7755145000e-05 0.0000000000e+00)
(1.0000000000e-01 7.2550538000e-05 0.0000000000e+00)
(1.0000000000e-01 9.0623784000e-05 0.0000000000e+00)
(1.0000000000e-01 1.1270108000e-04 0.0000000000e+00)
(1.0000000000e-01 1.3966949000e-04 0.0000000000e+00)
(1.0000000000e-01 1.7261264000e-04 0.0000000000e+00)
(1.0000000000e-01 2.1285420000e-04 0.0000000000e+00)
(1.0000000000e-01 2.6201109000e-04 0.0000000000e+00)
(1.0000000000e-01 3.2205847000e-04 0.0000000000e+00)
(1.0000000000e-01 3.9540908000e-04 0.0000000000e+00)
(1.0000000000e-01 4.8501018000e-04 0.0000000000e+00)
(1.0000000000e-01 5.9446201000e-04 0.0000000000e+00)
(1.0000000000e-01 7.2816240000e-04 0.0000000000e+00)
(1.0000000000e-01 8.9148351000e-04 0.0000000000e+00)
(1.0000000000e-01 1.0909877000e-03 0.0000000000e+00)
(1.0000000000e-01 1.3346911000e-03 0.0000000000e+00)
(1.0000000000e-01 1.6323859000e-03 0.0000000000e+00)
(1.0000000000e-01 1.9960337000e-03 0.0000000000e+00)
(1.0000000000e-01 2.4402460000e-03 0.0000000000e+00)
(1.0000000000e-01 2.9828715000e-03 0.0000000000e+00)
(1.0000000000e-01 3.6457133000e-03 0.0000000000e+00)
(1.0000000000e-01 4.4554047000e-03 0.0000000000e+00)
(1.0000000000e-01 5.4444796000e-03 0.0000000000e+00)
(1.0000000000e-01 6.6526796000e-03 0.0000000000e+00)
(1.0000000000e-01 8.1285508000e-03 0.0000000000e+00)
(1.0000000000e-01 9.9313948000e-03 0.0000000000e+00)
(1.0000000000e-01 1.2133651000e-02 0.0000000000e+00)
(1.0000000000e-01 1.4823806000e-02 0.0000000000e+00)
(1.0000000000e-01 1.8109954000e-02 0.0000000000e+00)
(1.0000000000e-01 2.2124133000e-02 0.0000000000e+00)
(1.0000000000e-01 2.7027636000e-02 0.0000000000e+00)
(1.0000000000e-01 3.3017487000e-02 0.0000000000e+00)
(1.0000000000e-01 4.0334363000e-02 0.0000000000e+00)
(1.0000000000e-01 4.9272259000e-02 0.0000000000e+00)
(1.0000000000e-01 6.0190307000e-02 0.0000000000e+00)
(1.0000000000e-01 7.3527199000e-02 0.0000000000e+00)
(1.0000000000e-01 8.9818820000e-02 0.0000000000e+00)
(1.0000000000e-01 1.0971978000e-01 0.0000000000e+00)
(1.0000000000e-01 1.3402970000e-01 0.0000000000e+00)
(1.0000000000e-01 1.6372538000e-01 0.0000000000e+00)
(1.0000000000e-01 2.0000000000e-01 0.0000000000e+00)
(1.0000000000e-01 0.0000000000e+00 -1.0000000000e-02)
(1.0000000000e-01 2.0000000000e-06 -1.0000000000e-02)
(1.0000000000e-01 4.4430910000e-06 -1.0000000000e-02)
(1.0000000000e-01 7.4274379000e-06 -1.0000000000e-02)
(1.0000000000e-01 1.1072953000e-05 -1.0000000000e-02)
(1.0000000000e-01 1.5526116000e-05 -1.0000000000e-02)
(1.0000000000e-01 2.0965858000e-05 -1.0000000000e-02)
(1.0000000000e-01 2.7610749000e-05 -1.0000000000e-02)
(1.0000000000e-01 3.5727787000e-05 -1.0000000000e-02)
(1.0000000000e-01 4.5643118000e-05 -1.0000000000e-02)
(1.0000000000e-01 5.7755145000e-05 -1.0000000000e-02)
(1.0000000000e-01 7.2550538000e-05 -1.0000000000e-02)
(1.0000000000e-01 9.0623784000e-05 -1.0000000000e-02)
(1.0000000000e-01 1.1270108000e-04 -1.0000000000e-02)
(1.0000000000e-01 1.3966949000e-04 -1.0000000000e-02)
(1.0000000000e-01 1.7261264000e-04 -1.0000000000e-02)
(1.0000000000e-01 2.1285420000e-04 -1.0000000000e-02)
(1.0000000000e-01 2.6201109000e-04 -1.0000000000e-02)
(1.0000000000e-01 3.2205847000e-04 -1.0000000000e-02)
(1.0000000000e-01 3.9540908000e-04 -1.0000000000e-02)
(1.0000000000e-01 4.8501018000e-04 -1.0000000000e-02)
(1.0000000000e-01 5.9446201000e-04 -1.0000000000e-02)
(1.0000000000e-01 7.2816240000e-04 -1.0000000000e-02)
(1.0000000000e-01 8.9148351000e-04 -1.0000000000e-02)
(1.0000000000e-01 1.0909877000e-03 -1.0000000000e-02)
(1.0000000000e-01 1.3346911000e-03 -1.0000000000e-02)
(1.0000000000e-01 1.6323859000e-03 -1.0000000000e-02)
(1.0000000000e-01 1.9960337000e-03 -1.0000000000e-02)
(1.0000000000e-01 2.4402460000e-03 -1.0000000000e-02)
(1.0000000000e-01 2.9828715000e-03 -1.0000000000e-02)
(1.0000000000e-01 3.6457133000e-03 -1.0000000000e-02)
(1.0000000000e-01 4.4554047000e-03 -1.0000000000e-02)
(1.0000000000e-01 5.4444796000e-03 -1.0000000000e-02)
(1.0000000000e-01 6.6526796000e-03 -1.0000000000e-02)
(1.0000000000e-01 8.1285508000e-03 -1.0000000000e-02)
(1.0000000000e-01 9.9313948000e-03 -1.0000000000e-02)
(1.0000000000e-01 1.2133651000e-02 -1.0000000000e-02)
(1.0000000000e-01 1.4823806000e-02 -1.0000000000e-02)
(1.0000000000e-01 1.8109954000e-02 -1.0000000000e-02)
(1.0000000000e-01 2.2124133000e-02 -1.0000000000e-02)
(1.0000000000e-01 2.7027636000e-02 -1.0000000000e-02)
(1.0000000000e-01 3.3017487000e-02 -1.0000000000e-02)
(1.0000000000e-01 4.0334363000e-02 -1.0000000000e-02)
(1.0000000000e-01 4.9272259000e-02 -1.0000000000e-02)
(1.0000000000e-01 6.0190307000e-02 -1.0000000000e-02)
(1.0000000000e-01 7.3527199000e-02 -1.0000000000e-02)
(1.0000000000e-01 8.9818820000e-02 -1.0000000000e-02)
(1.0000000000e-01 1.0971978000e-01 -1.0000000000e-02)
(1.0000000000e-01 1.3402970000e-01 -1.0000000000e-02)
(1.0000000000e-01 1.6372538000e-01 -1.0000000000e-02)
(1.0000000000e-01 2.0000000000e-01 -1.0000000000e-02)
)