102
(
1.0000000000e-10
1.6166303000e-03
2.4768655000e-02
1.4552040000e-01
5.5916302000e-01
1.7096597000e+00
4.3113084000e+00
8.8894527000e+00
1.4777574000e+01
2.0504233000e+01
2.5171883000e+01
2.8648874000e+01
3.1140963000e+01
3.2892516000e+01
3.4082715000e+01
3.4846494000e+01
3.5259582000e+01
3.5360016000e+01
3.5156747000e+01
3.4629006000e+01
3.3727228000e+01
3.2369847000e+01
3.0438312000e+01
2.7774053000e+01
2.4188182000e+01
1.9512499000e+01
1.3753445000e+01
7.4223300000e+00
1.8990540000e+00
1.9422397000e-04
1.5140030000e-04
1.5136685000e-04
1.5134693000e-04
1.5133509000e-04
1.5132811000e-04
1.5132431000e-04
1.5132258000e-04
1.5132226000e-04
1.5132333000e-04
1.5132543000e-04
1.5132855000e-04
1.5133263000e-04
1.5133768000e-04
1.5134371000e-04
1.5135066000e-04
1.5135846000e-04
1.5136692000e-04
1.5137576000e-04
1.5138455000e-04
1.5139276000e-04
1.5139980000e-04
1.0000000000e-10
1.6166303000e-03
2.4768655000e-02
1.4552040000e-01
5.5916302000e-01
1.7096597000e+00
4.3113084000e+00
8.8894527000e+00
1.4777574000e+01
2.0504233000e+01
2.5171883000e+01
2.8648874000e+01
3.1140963000e+01
3.2892516000e+01
3.4082715000e+01
3.4846494000e+01
3.5259582000e+01
3.5360016000e+01
3.5156747000e+01
3.4629006000e+01
3.3727228000e+01
3.2369847000e+01
3.0438312000e+01
2.7774053000e+01
2.4188182000e+01
1.9512499000e+01
1.3753445000e+01
7.4223300000e+00
1.8990540000e+00
1.9422397000e-04
1.5140030000e-04
1.5136685000e-04
1.5134693000e-04
1.5133509000e-04
1.5132811000e-04
1.5132431000e-04
1.5132258000e-04
1.5132226000e-04
1.5132333000e-04
1.5132543000e-04
1.5132855000e-04
1.5133263000e-04
1.5133768000e-04
1.5134371000e-04
1.5135066000e-04
1.5135846000e-04
1.5136692000e-04
1.5137576000e-04
1.5138455000e-04
1.5139276000e-04
1.5139980000e-04
)