102
(
1.5545269000e+10
5.0086405000e+08
7.7381994000e+07
2.5683789000e+07
1.1215465000e+07
5.8395947000e+06
3.4583332000e+06
2.2754820000e+06
1.5845265000e+06
1.1338284000e+06
8.2417483000e+05
6.0854316000e+05
4.5632316000e+05
3.4698169000e+05
2.6755713000e+05
2.0867313000e+05
1.6443838000e+05
1.3084252000e+05
1.0498225000e+05
8.4858320000e+04
6.9026089000e+04
5.6407443000e+04
4.6168408000e+04
3.7630765000e+04
3.0209457000e+04
2.3386316000e+04
1.6767189000e+04
1.0308927000e+04
4.6337007000e+03
1.9144087000e+03
1.9139268000e+03
1.9137236000e+03
1.9136067000e+03
1.9135391000e+03
1.9135024000e+03
1.9134855000e+03
1.9134828000e+03
1.9134910000e+03
1.9135089000e+03
1.9135356000e+03
1.9135709000e+03
1.9136150000e+03
1.9136682000e+03
1.9137306000e+03
1.9138021000e+03
1.9138818000e+03
1.9139680000e+03
1.9140578000e+03
1.9141470000e+03
1.9142302000e+03
1.9143016000e+03
1.5545269000e+10
5.0086405000e+08
7.7381994000e+07
2.5683789000e+07
1.1215465000e+07
5.8395947000e+06
3.4583332000e+06
2.2754820000e+06
1.5845265000e+06
1.1338284000e+06
8.2417483000e+05
6.0854316000e+05
4.5632316000e+05
3.4698169000e+05
2.6755713000e+05
2.0867313000e+05
1.6443838000e+05
1.3084252000e+05
1.0498225000e+05
8.4858320000e+04
6.9026089000e+04
5.6407443000e+04
4.6168408000e+04
3.7630765000e+04
3.0209457000e+04
2.3386316000e+04
1.6767189000e+04
1.0308927000e+04
4.6337007000e+03
1.9144087000e+03
1.9139268000e+03
1.9137236000e+03
1.9136067000e+03
1.9135391000e+03
1.9135024000e+03
1.9134855000e+03
1.9134828000e+03
1.9134910000e+03
1.9135089000e+03
1.9135356000e+03
1.9135709000e+03
1.9136150000e+03
1.9136682000e+03
1.9137306000e+03
1.9138021000e+03
1.9138818000e+03
1.9139680000e+03
1.9140578000e+03
1.9141470000e+03
1.9142302000e+03
1.9143016000e+03
)