102
(
2.2013321000e+01
2.2013358000e+01
2.2013411000e+01
2.2013476000e+01
2.2013556000e+01
2.2013658000e+01
2.2013803000e+01
2.2014043000e+01
2.2014459000e+01
2.2015136000e+01
2.2016153000e+01
2.2017596000e+01
2.2019575000e+01
2.2022225000e+01
2.2025718000e+01
2.2030268000e+01
2.2036143000e+01
2.2043663000e+01
2.2053220000e+01
2.2065266000e+01
2.2080305000e+01
2.2098851000e+01
2.2121350000e+01
2.2148024000e+01
2.2178628000e+01
2.2212090000e+01
2.2246114000e+01
2.2277044000e+01
2.2300856000e+01
2.2318878000e+01
2.2338907000e+01
2.2363105000e+01
2.2392249000e+01
2.2427224000e+01
2.2469001000e+01
2.2518595000e+01
2.2576969000e+01
2.2644900000e+01
2.2722723000e+01
2.2809929000e+01
2.2904559000e+01
2.3002375000e+01
2.3095792000e+01
2.3172992000e+01
2.3217451000e+01
2.3208751000e+01
2.3125556000e+01
2.2950050000e+01
2.2672518000e+01
2.2293672000e+01
2.1823630000e+01
2.2013321000e+01
2.2013358000e+01
2.2013411000e+01
2.2013476000e+01
2.2013556000e+01
2.2013658000e+01
2.2013803000e+01
2.2014043000e+01
2.2014459000e+01
2.2015136000e+01
2.2016153000e+01
2.2017596000e+01
2.2019575000e+01
2.2022225000e+01
2.2025718000e+01
2.2030268000e+01
2.2036143000e+01
2.2043663000e+01
2.2053220000e+01
2.2065266000e+01
2.2080305000e+01
2.2098851000e+01
2.2121350000e+01
2.2148024000e+01
2.2178628000e+01
2.2212090000e+01
2.2246114000e+01
2.2277044000e+01
2.2300856000e+01
2.2318878000e+01
2.2338907000e+01
2.2363105000e+01
2.2392249000e+01
2.2427224000e+01
2.2469001000e+01
2.2518595000e+01
2.2576969000e+01
2.2644900000e+01
2.2722723000e+01
2.2809929000e+01
2.2904559000e+01
2.3002375000e+01
2.3095792000e+01
2.3172992000e+01
2.3217451000e+01
2.3208751000e+01
2.3125556000e+01
2.2950050000e+01
2.2672518000e+01
2.2293672000e+01
2.1823630000e+01
)