102
(
(0.0000000000e+00 0.0000000000e+00 0.0000000000e+00)
(1.5774773000e+00 2.9655442000e-06 0.0000000000e+00)
(3.5008039000e+00 1.4358657000e-05 0.0000000000e+00)
(5.8499814000e+00 4.0020820000e-05 0.0000000000e+00)
(8.7158348000e+00 8.8683163000e-05 0.0000000000e+00)
(1.2186991000e+01 1.7394943000e-04 0.0000000000e+00)
(1.6279926000e+01 3.1373707000e-04 0.0000000000e+00)
(2.0782349000e+01 5.2787069000e-04 0.0000000000e+00)
(2.5273729000e+01 8.3143136000e-04 0.0000000000e+00)
(2.9398082000e+01 1.2376546000e-03 0.0000000000e+00)
(3.3070521000e+01 1.7654620000e-03 0.0000000000e+00)
(3.6336540000e+01 2.4430636000e-03 0.0000000000e+00)
(3.9280538000e+01 3.3092954000e-03 0.0000000000e+00)
(4.1981119000e+01 4.4144620000e-03 0.0000000000e+00)
(4.4490779000e+01 5.8230444000e-03 0.0000000000e+00)
(4.6861901000e+01 7.6186223000e-03 0.0000000000e+00)
(4.9129313000e+01 9.9105315000e-03 0.0000000000e+00)
(5.1319534000e+01 1.2837538000e-02 0.0000000000e+00)
(5.3458403000e+01 1.6582907000e-02 0.0000000000e+00)
(5.5566581000e+01 2.1386225000e-02 0.0000000000e+00)
(5.7662073000e+01 2.7561271000e-02 0.0000000000e+00)
(5.9760798000e+01 3.5517252000e-02 0.0000000000e+00)
(6.1875814000e+01 4.5779473000e-02 0.0000000000e+00)
(6.4014917000e+01 5.8997212000e-02 0.0000000000e+00)
(6.6175419000e+01 7.5906506000e-02 0.0000000000e+00)
(6.8334616000e+01 9.7176697000e-02 0.0000000000e+00)
(7.0435898000e+01 1.2302082000e-01 0.0000000000e+00)
(7.2379093000e+01 1.5250686000e-01 0.0000000000e+00)
(7.4061272000e+01 1.8331666000e-01 0.0000000000e+00)
(7.5047111000e+01 2.0352594000e-01 0.0000000000e+00)
(7.5046649000e+01 2.0312351000e-01 0.0000000000e+00)
(7.5046326000e+01 2.0263147000e-01 0.0000000000e+00)
(7.5045934000e+01 2.0202620000e-01 0.0000000000e+00)
(7.5045461000e+01 2.0128064000e-01 0.0000000000e+00)
(7.5044894000e+01 2.0036094000e-01 0.0000000000e+00)
(7.5044218000e+01 1.9922467000e-01 0.0000000000e+00)
(7.5043415000e+01 1.9781892000e-01 0.0000000000e+00)
(7.5042473000e+01 1.9607751000e-01 0.0000000000e+00)
(7.5041379000e+01 1.9391841000e-01 0.0000000000e+00)
(7.5040131000e+01 1.9124124000e-01 0.0000000000e+00)
(7.5038739000e+01 1.8792608000e-01 0.0000000000e+00)
(7.5037238000e+01 1.8383528000e-01 0.0000000000e+00)
(7.5035697000e+01 1.7882193000e-01 0.0000000000e+00)
(7.5034225000e+01 1.7274575000e-01 0.0000000000e+00)
(7.5032972000e+01 1.6550220000e-01 0.0000000000e+00)
(7.5032112000e+01 1.5705924000e-01 0.0000000000e+00)
(7.5031792000e+01 1.4749216000e-01 0.0000000000e+00)
(7.5032062000e+01 1.3698755000e-01 0.0000000000e+00)
(7.5032818000e+01 1.2581069000e-01 0.0000000000e+00)
(7.5033775000e+01 1.1423924000e-01 0.0000000000e+00)
(7.5034516000e+01 1.0249420000e-01 0.0000000000e+00)
(0.0000000000e+00 0.0000000000e+00 0.0000000000e+00)
(1.5774773000e+00 2.9655442000e-06 0.0000000000e+00)
(3.5008039000e+00 1.4358657000e-05 0.0000000000e+00)
(5.8499814000e+00 4.0020820000e-05 0.0000000000e+00)
(8.7158348000e+00 8.8683163000e-05 0.0000000000e+00)
(1.2186991000e+01 1.7394943000e-04 0.0000000000e+00)
(1.6279926000e+01 3.1373707000e-04 0.0000000000e+00)
(2.0782349000e+01 5.2787069000e-04 0.0000000000e+00)
(2.5273729000e+01 8.3143136000e-04 0.0000000000e+00)
(2.9398082000e+01 1.2376546000e-03 0.0000000000e+00)
(3.3070521000e+01 1.7654620000e-03 0.0000000000e+00)
(3.6336540000e+01 2.4430636000e-03 0.0000000000e+00)
(3.9280538000e+01 3.3092954000e-03 0.0000000000e+00)
(4.1981119000e+01 4.4144620000e-03 0.0000000000e+00)
(4.4490779000e+01 5.8230444000e-03 0.0000000000e+00)
(4.6861901000e+01 7.6186223000e-03 0.0000000000e+00)
(4.9129313000e+01 9.9105315000e-03 0.0000000000e+00)
(5.1319534000e+01 1.2837538000e-02 0.0000000000e+00)
(5.3458403000e+01 1.6582907000e-02 0.0000000000e+00)
(5.5566581000e+01 2.1386225000e-02 0.0000000000e+00)
(5.7662073000e+01 2.7561271000e-02 0.0000000000e+00)
(5.9760798000e+01 3.5517252000e-02 0.0000000000e+00)
(6.1875814000e+01 4.5779473000e-02 0.0000000000e+00)
(6.4014917000e+01 5.8997212000e-02 0.0000000000e+00)
(6.6175419000e+01 7.5906506000e-02 0.0000000000e+00)
(6.8334616000e+01 9.7176697000e-02 0.0000000000e+00)
(7.0435898000e+01 1.2302082000e-01 0.0000000000e+00)
(7.2379093000e+01 1.5250686000e-01 0.0000000000e+00)
(7.4061272000e+01 1.8331666000e-01 0.0000000000e+00)
(7.5047111000e+01 2.0352594000e-01 0.0000000000e+00)
(7.5046649000e+01 2.0312351000e-01 0.0000000000e+00)
(7.5046326000e+01 2.0263147000e-01 0.0000000000e+00)
(7.5045934000e+01 2.0202620000e-01 0.0000000000e+00)
(7.5045461000e+01 2.0128064000e-01 0.0000000000e+00)
(7.5044894000e+01 2.0036094000e-01 0.0000000000e+00)
(7.5044218000e+01 1.9922467000e-01 0.0000000000e+00)
(7.5043415000e+01 1.9781892000e-01 0.0000000000e+00)
(7.5042473000e+01 1.9607751000e-01 0.0000000000e+00)
(7.5041379000e+01 1.9391841000e-01 0.0000000000e+00)
(7.5040131000e+01 1.9124124000e-01 0.0000000000e+00)
(7.5038739000e+01 1.8792608000e-01 0.0000000000e+00)
(7.5037238000e+01 1.8383528000e-01 0.0000000000e+00)
(7.5035697000e+01 1.7882193000e-01 0.0000000000e+00)
(7.5034225000e+01 1.7274575000e-01 0.0000000000e+00)
(7.5032972000e+01 1.6550220000e-01 0.0000000000e+00)
(7.5032112000e+01 1.5705924000e-01 0.0000000000e+00)
(7.5031792000e+01 1.4749216000e-01 0.0000000000e+00)
(7.5032062000e+01 1.3698755000e-01 0.0000000000e+00)
(7.5032818000e+01 1.2581069000e-01 0.0000000000e+00)
(7.5033775000e+01 1.1423924000e-01 0.0000000000e+00)
(7.5034516000e+01 1.0249420000e-01 0.0000000000e+00)
)